1	25	3.22917
1	85	3.68808
1	94	3.78725
1	116	3.92349
1	124	2.51312
1	137	4.03472
1	154	4.19416
1	171	4.64543
1	193	4.87356
1	195	4.9256
1	213	5.02708
2	5	2.67352
2	23	2.98687
2	36	2.85163
2	45	2.66937
2	53	3.06319
2	110	3.50697
2	133	4.17824
2	147	3.74833
2	169	3.96437
2	173	4.35195
2	189	4.29595
2	232	5.24582
3	91	0.233629
3	175	2.40421
3	179	2.14908
3	209	2.92337
3	220	2.97685
3	256	4.06182
3	271	4.33898
3	275	4.46785
3	282	4.77867
3	283	4.7504
3	284	4.93485
3	286	4.7504
3	288	4.87619
4	115	1.67284
4	204	3.16207
4	207	3.25916
4	217	3.42747
4	227	3.62711
4	236	3.72583
4	239	3.6963
4	250	4.09871
4	254	4.33483
4	262	5.86564
4	266	4.50786
4	267	4.50903
4	273	4.58366
4	274	4.72339
5	2	2.67352
5	6	2.58615
5	20	2.63503
5	129	3.69885
5	134	3.61847
5	151	3.84546
5	166	3.871
5	173	4.28355
5	189	4.22756
5	208	5.83244
5	232	5.17743
6	5	2.58615
6	38	6.4
6	53	2.97582
6	58	3.10874
6	99	3.33904
6	110	3.41961
6	133	4.09087
6	134	3.59949
6	147	3.66096
6	166	3.85202
6	173	4.26458
6	232	5.15846
7	46	5.64276
7	61	1.53789
7	172	2.74043
7	222	3.50133
7	224	3.59485
7	225	3.67589
7	228	4.00138
7	229	3.85512
7	245	4.06954
7	246	4.10425
7	247	4.35617
7	255	4.48492
7	258	4.52174
7	262	4.52174
8	24	2.13126
8	31	2.56781
8	35	2.58613
8	143	3.48364
8	150	3.3538
8	165	3.63181
8	170	3.7386
8	180	3.98338
8	184	4.30504
8	240	4.81708
8	243	4.94521
8	251	5.22522
8	259	5.37283
10	231	2.86371
10	232	1.13765
10	249	3.35601
10	256	3.62491
10	269	4.01724
10	271	3.90206
10	273	4.72336
10	275	4.03094
10	282	4.34175
10	283	4.31349
10	284	4.49794
10	286	4.31349
10	288	4.43927
11	1	2.94594
11	94	3.24893
11	106	3.56331
11	116	3.38518
11	137	3.49641
11	154	3.65584
11	161	3.78463
11	171	4.10712
11	183	6.61323
11	188	4.28132
11	193	4.33524
11	195	4.38728
11	213	4.48877
13	68	2.91845
13	91	3.11217
13	92	3.17345
13	112	3.32098
13	113	3.22081
13	124	3.36843
13	125	3.32741
13	145	3.56425
13	177	4.18228
13	178	4.04499
13	194	4.31691
13	211	4.54159
13	214	4.57324
13	248	5.78001
14	171	2.03803
14	186	2.73387
14	192	3.7392
14	207	3.29418
14	217	3.46249
14	236	3.76085
14	239	3.73132
14	241	3.95446
14	250	4.13373
14	254	4.36985
14	264	4.38051
14	266	4.54288
14	267	4.54405
14	273	4.61868
14	274	4.75841
15	208	2.87981
15	217	3.21235
15	219	3.12837
15	226	3.26214
15	236	3.51071
15	237	3.6396
15	239	3.48118
15	241	3.70433
15	250	3.88359
15	254	4.11971
15	266	4.29274
15	267	4.29392
15	273	4.36854
15	274	4.50828
15	288	5.81326
16	36	6.4
16	159	1.61544
16	209	2.68199
16	253	3.86975
16	268	3.9486
16	269	4.21277
16	271	4.09759
16	282	4.53728
16	283	4.50902
16	284	4.69347
16	286	4.50902
16	288	4.63481
17	31	2.63971
17	35	2.65803
17	78	2.65814
17	87	2.58946
17	120	3.16907
17	127	3.23005
17	130	3.34382
17	135	3.22507
17	184	4.37694
17	186	5.84511
17	187	4.01458
17	240	4.88898
17	242	5.02959
17	243	5.01711
17	259	5.44472
18	156	0.000205495
18	261	3.28205
18	263	3.29134
18	280	4.04094
18	281	4.15398
18	283	5.87353
18	287	3.93756
18	291	4.39057
18	292	4.09518
18	296	4.37615
18	297	4.37957
18	300	4.5325
19	68	5.82165
19	98	2.13009
19	181	2.87986
19	221	3.60778
19	225	3.77046
19	228	4.09595
19	229	3.94969
19	245	4.1641
19	246	4.19881
19	247	4.45073
19	255	4.57948
19	258	4.6163
19	262	4.6163
20	5	2.63503
20	23	2.94839
20	75	3.19845
20	99	3.38792
20	110	3.46848
20	133	4.13975
20	134	3.64837
20	155	5.34792
20	169	3.92588
20	189	4.25746
20	232	5.20734
22	168	2.57858
22	174	2.90388
22	200	3.10972
22	221	3.50158
22	222	3.48969
22	225	3.66426
22	228	3.98975
22	229	3.84349
22	245	4.0579
22	247	4.34454
22	255	4.47329
22	258	4.5101
22	262	4.5101
22	281	5.84224
23	2	2.98687
23	20	2.94839
23	36	3.09659
23	39	3.33572
23	53	3.30815
23	122	0.442491
23	133	4.4232
23	166	4.18435
23	173	4.59691
23	187	6.22637
23	189	4.54091
23	232	5.49079
24	8	2.13126
24	43	2.31781
24	59	2.69081
24	132	3.30386
24	153	3.28456
24	165	3.51622
24	183	3.70614
24	187	3.8271
24	235	5.61594
24	240	4.70149
24	242	4.8421
24	243	4.82962
24	251	5.10964
24	259	5.25724
25	1	3.22917
25	85	3.43299
25	106	3.84653
25	137	3.77963
25	154	3.93906
25	155	4.08202
25	156	4.19666
25	188	4.56454
25	193	4.61846
25	195	4.67051
25	213	4.77199
25	231	3.70475
25	259	2.03161
31	8	2.56781
31	17	2.63971
31	35	2.90709
31	135	3.47414
31	150	3.67476
31	170	4.05957
31	184	4.62601
31	187	4.26365
31	204	2.97741
31	240	5.13804
31	242	5.27865
31	243	5.26617
31	251	5.54619
31	259	5.69379
31	282	3.38031
32	160	2.5466
32	186	3.14569
32	204	3.60891
32	207	3.706
32	208	3.54177
32	212	3.5457
32	228	1.97949
32	233	4.51102
32	237	4.30156
32	239	4.14314
32	250	4.54555
32	254	4.78167
32	264	4.79233
32	266	4.9547
32	267	4.95587
32	273	5.0305
33	34	0.792273
33	185	2.22077
33	201	4.99236
33	225	1.48234
33	280	4.37764
33	281	4.49068
33	293	4.54387
33	294	4.45197
33	295	4.70258
33	296	4.71284
33	297	4.71626
33	299	5.13543
34	33	0.792273
34	57	4.47076
34	230	3.12234
34	234	2.03763
34	261	3.97206
34	278	4.50902
34	291	5.08058
34	292	4.78519
34	293	4.89719
34	294	4.80529
34	296	5.06616
34	297	5.06958
34	300	5.22251
35	8	2.58613
35	17	2.65803
35	31	2.90709
35	44	1.7929
35	78	2.92553
35	135	3.49246
35	165	3.97109
35	183	4.16101
35	187	4.28197
35	240	5.15636
35	242	5.29697
35	243	5.28449
35	251	5.56451
35	259	5.71211
35	260	4.6355
36	2	2.85163
36	16	6.4
36	23	3.09659
36	39	3.20047
36	53	3.17291
36	58	3.30582
36	75	3.34665
36	129	3.87696
36	133	4.28795
36	147	3.85804
36	169	4.07408
36	189	4.40566
36	232	5.35554
37	82	2.24071
37	142	0.0630148
37	181	3.33244
37	199	3.80317
37	221	4.06036
37	225	4.22303
37	228	4.54852
37	229	4.40226
37	245	4.61667
37	246	4.65139
37	247	4.90331
37	255	5.03206
37	258	5.06887
37	262	5.06887
38	6	6.4
38	100	0.767232
38	260	3.23506
38	263	3.34281
38	265	3.47644
38	270	3.6661
38	280	4.09241
38	281	4.20545
38	291	4.44204
38	292	4.14665
38	295	4.41736
38	296	4.42762
38	299	4.85021
39	23	3.33572
39	36	3.20047
39	75	3.58579
39	76	3.52016
39	99	3.77526
39	129	4.11609
39	134	4.0357
39	151	4.2627
39	166	4.28824
39	169	4.31321
39	189	4.64479
39	232	5.59467
39	256	7.15024
41	50	3.34866
41	207	3.47906
41	208	3.31483
41	217	3.64737
41	226	3.69716
41	227	3.84701
41	239	3.9162
41	250	4.31861
41	254	4.55473
41	264	4.5654
41	266	4.72776
41	267	4.72894
41	273	4.80356
41	274	4.9433
42	52	0.198155
42	107	2.49658
42	124	6.43116
42	172	3.39255
42	190	3.50348
42	199	3.90815
42	200	3.77348
42	222	4.15344
42	224	4.24697
42	229	4.50724
42	246	4.75637
42	247	5.00829
42	255	5.13704
42	258	5.17385
42	262	5.17385
43	24	2.31781
43	127	3.3447
43	130	3.45848
43	153	3.5867
43	165	3.81836
43	170	3.92516
43	184	4.49159
43	240	5.00363
43	242	5.14424
43	251	5.41178
43	259	5.55938
43	280	6.40672
44	35	1.7929
44	85	3.61745
44	94	3.71661
44	106	4.03099
44	116	3.85286
44	142	3.92436
44	154	4.12352
44	155	4.26648
44	161	4.25231
44	171	4.5748
44	188	4.749
44	193	4.80292
44	213	4.95645
45	2	2.66937
45	50	2.84246
45	110	3.43443
45	129	3.6947
45	133	4.10569
45	134	3.61431
45	147	3.67579
45	166	3.86685
45	169	3.89182
45	173	4.2794
45	189	4.2234
45	190	6.41428
45	232	5.17328
46	7	5.64276
46	83	3.38151
46	102	3.52942
46	112	3.62827
46	125	3.6347
46	146	3.79586
46	178	4.35228
46	191	4.6024
46	194	4.6242
46	211	4.84888
46	214	4.88053
46	215	4.81857
46	275	0.910353
47	111	1.76503
47	206	2.26224
47	208	3.32289
47	226	3.70522
47	236	3.95379
47	237	4.08268
47	239	3.92426
47	241	4.14741
47	250	4.32667
47	254	4.56279
47	258	4.0309
47	264	4.57345
47	266	4.73582
47	267	4.737
47	273	4.81162
47	274	4.95136
50	41	3.34866
50	45	2.84246
50	76	3.34441
50	110	3.68007
50	129	3.94034
50	133	4.35133
50	134	3.85995
50	166	4.11249
50	169	4.13746
50	173	4.52504
50	189	4.46904
50	201	3.09575
50	232	5.41892
51	164	1.89613
51	179	1.95436
51	231	3.1059
51	251	6.95927
51	252	3.61852
51	253	3.91641
51	257	3.87863
51	268	3.99526
51	269	4.25943
51	275	4.27313
51	282	4.58394
51	283	4.55568
51	284	4.74013
51	286	4.55568
51	288	4.68146
52	42	0.198155
52	62	3.32119
52	70	3.28543
52	91	3.54256
52	108	3.72713
52	124	3.79881
52	145	3.99464
52	146	3.91896
52	177	4.61267
52	178	4.47538
52	194	4.7473
52	211	4.97198
52	214	5.00362
52	215	4.94167
52	265	6.74859
53	2	3.06319
53	6	2.97582
53	23	3.30815
53	36	3.17291
53	58	3.51738
53	76	3.49259
53	129	4.08852
53	133	4.49951
53	169	4.28565
53	173	4.67323
53	232	5.5671
54	175	2.54116
54	188	0.3284
54	220	3.1138
54	231	3.43758
54	234	3.60397
54	252	3.95019
54	253	4.24808
54	256	4.19877
54	268	4.32693
54	271	4.47592
54	275	4.6048
54	283	4.88735
54	284	5.0718
54	286	4.88735
54	288	5.01314
54	294	6.64473
55	77	7.63675
55	78	3.06955
55	130	3.75523
55	132	3.90275
55	143	3.96694
55	150	3.8371
55	153	3.88345
55	165	4.11511
55	170	4.22191
55	182	2.22913
55	183	4.30503
55	184	4.78835
55	240	5.30039
55	251	5.70853
55	259	5.85613
56	59	3.20399
56	120	3.49476
56	127	3.55575
56	132	3.81704
56	143	3.88123
56	179	3.96613
56	180	4.38098
56	184	4.70264
56	187	4.34028
56	242	5.35528
56	243	5.3428
56	251	5.62282
56	259	5.77042
56	286	3.13153
57	34	4.47076
57	82	2.21751
57	168	3.11415
57	172	3.26438
57	221	4.03716
57	222	4.02527
57	224	4.11879
57	225	4.19984
57	228	4.52533
57	229	4.37907
57	245	4.59348
57	246	4.6282
57	247	4.88011
57	255	5.00886
57	258	5.04568
57	262	5.04568
58	6	3.10874
58	36	3.30582
58	53	3.51738
58	99	3.8806
58	129	4.22144
58	133	4.63243
58	147	4.20252
58	151	4.36805
58	189	4.75014
58	232	5.70002
58	236	5.72915
59	24	2.69081
59	56	3.20399
59	78	3.14579
59	87	3.07711
59	126	1.61817
59	135	3.71272
59	150	3.91334
59	165	4.19136
59	170	4.29815
59	184	4.86459
59	187	4.50223
59	240	5.37663
59	242	5.51724
59	251	5.78477
59	259	5.93237
59	281	5.4244
61	7	1.53789
61	144	2.91344
61	168	3.32597
61	174	3.65127
61	199	3.99179
61	200	3.85711
61	224	4.33061
61	225	4.41165
61	229	4.59088
61	245	4.8053
61	246	4.84001
61	247	5.09193
61	255	5.22068
61	258	5.25749
61	262	5.25749
61	294	5.39617
61	297	1.60534
62	52	3.32119
62	91	3.56885
62	102	3.67882
62	108	3.75343
62	125	3.78409
62	145	4.02093
62	146	3.94525
62	178	4.50167
62	191	4.75179
62	194	4.77359
62	211	4.99827
62	214	5.02992
62	215	4.96796
62	217	4.48858
62	280	2.54289
63	72	2.03538
63	126	2.28849
63	186	3.39139
63	207	3.95169
63	217	4.12001
63	219	4.03602
63	227	4.31964
63	237	4.54726
63	241	4.61198
63	264	5.03803
63	266	5.20039
63	267	5.20157
63	273	5.27619
63	274	5.41593
63	287	3.11927
65	146	7.04931
65	204	3.21832
65	208	3.15117
65	212	3.15511
65	219	3.39973
65	226	3.53351
65	227	3.68336
65	236	3.78208
65	237	3.91097
65	239	3.75255
65	250	4.15496
65	254	4.39108
65	264	4.40174
65	266	4.56411
65	267	4.56528
65	273	4.63991
65	274	4.77964
67	76	1.17511
67	163	2.14842
67	182	2.28494
67	201	2.68113
67	231	3.49321
67	252	4.00582
67	257	4.26593
67	269	4.64674
67	274	5.85726
67	275	4.66044
67	282	4.97125
67	283	4.94299
67	284	5.12744
67	286	4.94299
67	288	5.06877
68	13	2.91845
68	19	5.82165
68	70	3.33937
68	91	3.5965
68	92	3.65777
68	108	3.78107
68	146	3.9729
68	177	4.66661
68	178	4.52932
68	191	4.77944
68	194	4.80124
68	211	5.02592
68	212	1.17964
68	214	5.05756
68	215	4.99561
70	52	3.28543
70	68	3.33937
70	92	3.59437
70	102	3.64306
70	108	3.71767
70	112	3.74191
70	124	3.78935
70	145	3.98517
70	177	4.60321
70	187	7.80324
70	191	4.71603
70	194	4.73784
70	211	4.96251
70	214	4.99416
70	215	4.9322
70	254	0.00193439
72	63	2.03538
72	149	2.45406
72	186	3.32623
72	204	3.78944
72	207	3.88653
72	217	4.05484
72	226	4.10463
72	236	4.3532
72	241	4.54682
72	250	4.72608
72	264	4.97286
72	266	5.13523
72	267	5.13641
72	273	5.21103
72	274	5.35077
73	185	2.22671
73	227	7.61162
73	233	2.59648
73	244	3.03771
73	260	3.52622
73	278	4.16164
73	279	4.21673
73	281	4.49662
73	287	4.2802
73	292	4.43782
73	294	4.45791
73	295	4.70853
73	296	4.71879
73	297	4.72221
75	20	3.19845
75	36	3.34665
75	39	3.58579
75	76	3.66634
75	99	3.92144
75	129	4.26227
75	133	4.67326
75	151	4.40888
75	164	5.99389
75	169	4.45939
75	173	4.84697
75	189	4.79097
75	232	5.74085
76	39	3.52016
76	50	3.34441
76	53	3.49259
76	67	1.17511
76	75	3.66634
76	129	4.19665
76	133	4.60764
76	147	4.17773
76	151	4.34326
76	169	4.39377
76	173	4.78135
76	189	4.72535
76	232	5.67523
76	293	6.47299
77	55	7.63675
77	185	2.27022
77	210	2.26623
77	248	2.77054
77	263	3.67748
77	265	3.81112
77	270	4.00077
77	278	4.20515
77	279	4.26024
77	280	4.42709
77	281	4.54013
77	287	4.32371
77	291	4.77672
77	292	4.48133
77	295	4.75204
77	299	5.18489
77	300	4.91864
78	17	2.65814
78	35	2.92553
78	55	3.06955
78	59	3.14579
78	120	3.43657
78	127	3.49755
78	132	3.75884
78	150	3.69319
78	163	7.55617
78	165	3.97121
78	170	4.078
78	180	4.32278
78	183	4.16112
78	187	4.28208
78	240	5.15648
78	242	5.29709
78	251	5.56462
78	259	5.71222
79	192	1.90221
79	193	0.00256466
79	256	8.5905
79	261	3.68938
79	265	3.83231
79	270	4.02196
79	278	4.22634
79	279	4.28143
79	287	4.3449
79	291	4.79791
79	292	4.50251
79	293	4.61451
79	295	4.77323
79	299	5.20608
79	300	4.93983
80	186	3.20418
80	190	5.45471
80	194	2.21131
80	207	3.76449
80	212	3.60419
80	217	3.9328
80	219	3.84881
80	226	3.98259
80	236	4.23116
80	237	4.36005
80	241	4.42478
80	254	4.84016
80	264	4.85082
80	266	5.01319
80	267	5.01436
80	273	5.08899
80	274	5.22872
81	145	7.41637
81	210	2.50101
81	230	3.05326
81	279	4.49503
81	280	4.66187
81	281	4.77491
81	291	5.0115
81	292	4.71611
81	294	4.7362
81	296	4.99708
81	297	5.0005
81	299	5.41967
81	300	5.15343
82	37	2.24071
82	57	2.21751
82	98	2.92696
82	139	2.88669
82	199	4.14747
82	224	4.48629
82	225	4.56733
82	228	4.89282
82	229	4.74656
82	245	4.96098
82	246	4.99569
82	247	5.24761
82	255	5.37636
82	258	5.41317
82	262	5.41317
82	270	4.82435
83	46	3.38151
83	102	3.86223
83	108	3.93685
83	112	3.96108
83	113	3.86091
83	124	4.00853
83	178	4.68509
83	191	4.93521
83	194	4.95701
83	211	5.18169
83	214	5.21334
83	215	5.15138
83	261	2.47866
83	293	5.17526
85	1	3.68808
85	25	3.43299
85	44	3.61745
85	86	3.7504
85	90	3.93708
85	101	3.87075
85	116	4.12731
85	154	4.39798
85	161	4.52676
85	171	4.84925
85	175	3.75124
85	188	5.02346
85	193	5.07738
85	195	5.12942
85	213	5.2309
85	299	3.91807
86	85	3.7504
86	90	3.79558
86	108	3.1288
86	116	3.98581
86	136	4.01576
86	137	4.09704
86	142	4.05732
86	154	4.25648
86	155	4.39943
86	156	4.51407
86	161	4.38526
86	168	4.59253
86	171	4.70775
86	188	4.88195
86	195	4.98792
86	213	5.0894
87	17	2.58946
87	59	3.07711
87	130	3.54264
87	132	3.69016
87	135	3.42389
87	143	3.75435
87	153	3.67086
87	180	4.2541
87	183	4.09244
87	184	4.57576
87	240	5.0878
87	242	5.2284
87	243	5.21592
87	251	5.49594
87	252	7.65427
87	259	5.64354
88	162	1.32408
88	235	2.93123
88	241	7.58752
88	248	2.69136
88	270	3.92159
88	278	4.12597
88	279	4.18106
88	280	4.3479
88	281	4.46094
88	287	4.24452
88	291	4.69753
88	294	4.42224
88	295	4.67285
88	297	4.68653
88	299	5.1057
90	85	3.93708
90	86	3.79558
90	94	4.03625
90	101	3.91592
90	106	4.35062
90	136	4.20244
90	155	4.58611
90	156	4.70075
90	161	4.57194
90	182	11.0283
90	188	5.06863
90	193	5.12256
90	195	5.1746
90	213	5.27608
90	224	0.0929838
91	3	0.233629
91	13	3.11217
91	52	3.54256
91	62	3.56885
91	68	3.5965
91	102	3.90018
91	112	3.99903
91	113	3.89886
91	127	7.99368
91	145	4.2423
91	146	4.16662
91	177	4.86033
91	178	4.72304
91	191	4.97316
91	194	4.99496
91	211	5.21964
91	214	5.25128
91	215	5.18933
92	13	3.17345
92	68	3.65777
92	70	3.59437
92	124	4.10775
92	125	4.06673
92	145	4.30357
92	177	4.92161
92	178	4.78431
92	191	5.03443
92	194	5.05624
92	211	5.28091
92	214	5.31256
92	215	5.2506
92	284	4.53004
94	1	3.78725
94	11	3.24893
94	44	3.71661
94	90	4.03625
94	101	3.96991
94	137	4.33771
94	142	4.29799
94	154	4.49715
94	155	4.6401
94	156	4.75474
94	161	4.62593
94	177	4.18029
94	188	5.12262
94	193	5.17655
94	195	5.22859
94	213	5.33007
94	237	4.1847
97	136	3.45194
97	223	2.79087
97	233	2.86774
97	244	3.30896
97	257	4.84372
97	260	3.79748
97	261	3.89594
97	270	4.22851
97	280	4.65483
97	281	4.76787
97	293	4.82107
97	295	4.97978
97	296	4.99004
97	297	4.99346
97	299	5.41263
97	300	5.14639
98	19	2.13009
98	82	2.92696
98	122	8.50178
98	144	3.41107
98	168	3.8236
98	172	3.97382
98	173	0.000559432
98	174	4.14891
98	190	4.08475
98	221	4.74661
98	222	4.73472
98	224	4.82824
98	225	4.90929
98	245	5.30293
98	246	5.33764
98	255	5.71831
98	258	5.75513
98	262	5.75513
99	6	3.33904
99	20	3.38792
99	39	3.77526
99	58	3.8806
99	75	3.92144
99	110	4.19147
99	134	4.37136
99	147	4.43283
99	151	4.59835
99	166	4.62389
99	173	5.03644
99	189	4.98045
99	191	2.79287
99	232	5.93032
99	299	5.51645
100	38	0.767232
100	192	2.44506
100	230	3.38252
100	235	3.57447
100	237	4.54585
100	249	3.80321
100	263	4.24153
100	265	4.37516
100	270	4.56482
100	278	4.7692
100	279	4.82429
100	281	5.10418
100	287	4.88776
100	293	5.15737
100	297	5.32976
100	299	5.74893
100	300	5.48269
101	85	3.87075
101	90	3.91592
101	94	3.96991
101	106	4.28429
101	116	4.10616
101	136	4.13611
101	137	4.21739
101	142	4.17766
101	156	4.63441
101	171	4.8281
101	181	3.11332
101	188	5.0023
101	193	5.05622
101	195	5.10826
101	213	5.20975
102	46	3.52942
102	62	3.67882
102	70	3.64306
102	83	3.86223
102	91	3.90018
102	108	4.08476
102	112	4.109
102	124	4.15644
102	145	4.35226
102	177	4.9703
102	178	4.833
102	191	5.08312
102	194	5.10493
102	214	5.36125
102	215	5.29929
102	243	3.85687
102	284	4.44777
104	174	1.98136
104	223	3.04255
104	232	6.30009
104	260	4.04916
104	261	4.14762
104	265	4.29054
104	278	4.68457
104	279	4.73967
104	280	4.90651
104	291	5.25614
104	292	4.96075
104	293	5.07275
104	294	4.98084
104	299	5.66431
104	300	5.39807
106	11	3.56331
106	25	3.84653
106	44	4.03099
106	90	4.35062
106	101	4.28429
106	125	1.3172
106	136	4.5708
106	137	4.65208
106	142	4.61236
106	154	4.81152
106	156	5.06911
106	161	4.9403
106	171	5.26279
106	188	5.43699
106	190	2.16062
106	193	5.49092
106	213	5.64444
106	294	4.81418
107	42	2.49658
107	139	3.03758
107	168	3.63254
107	172	3.78276
107	174	3.95784
107	199	4.29836
107	200	4.16369
107	221	4.55555
107	222	4.54365
107	229	4.89745
107	246	5.14658
107	247	5.3985
107	255	5.52725
107	256	2.22894
107	258	5.56406
107	262	5.56406
108	52	3.72713
108	62	3.75343
108	68	3.78107
108	70	3.71767
108	83	3.93685
108	86	3.1288
108	102	4.08476
108	113	4.08344
108	124	4.23105
108	125	4.19003
108	134	5.7811
108	146	4.35119
108	177	5.04491
108	191	5.15773
108	194	5.17954
108	211	5.40421
108	214	5.43586
108	215	5.3739
110	2	3.50697
110	6	3.41961
110	20	3.46848
110	45	3.43443
110	50	3.68007
110	99	4.19147
110	129	4.5323
110	133	4.9433
110	134	4.45192
110	147	4.51339
110	159	4.10703
110	166	4.70445
110	169	4.72943
110	173	5.11701
110	189	5.06101
110	232	6.01088
110	279	4.85234
111	47	1.76503
111	160	2.92135
111	204	3.98366
111	217	4.24907
111	219	4.16508
111	226	4.29885
111	236	4.54742
111	237	4.67632
111	239	4.51789
111	241	4.74104
111	250	4.9203
111	254	5.15642
111	255	2.0402
111	264	5.16709
111	266	5.32945
111	267	5.33063
111	273	5.40525
111	274	5.54499
111	287	6.99779
112	13	3.32098
112	46	3.62827
112	70	3.74191
112	83	3.96108
112	91	3.99903
112	102	4.109
112	113	4.10767
112	125	4.21427
112	145	4.45111
112	146	4.37543
112	176	5.25214
112	177	5.06914
112	191	5.18197
112	194	5.20377
112	211	5.42845
112	214	5.4601
112	215	5.39814
113	13	3.22081
113	83	3.86091
113	91	3.89886
113	108	4.08344
113	112	4.10767
113	125	4.1141
113	145	4.35094
113	146	4.27526
113	177	4.96897
113	178	4.83168
113	188	3.34957
113	191	5.0818
113	194	5.1036
113	211	5.32828
113	214	5.35992
113	215	5.29797
113	246	5.53358
115	4	1.67284
115	160	3.05713
115	204	4.11944
115	208	4.05229
115	217	4.38484
115	226	4.43463
115	227	4.58448
115	236	4.6832
115	237	4.81209
115	242	4.38879
115	250	5.05608
115	254	5.2922
115	258	4.50569
115	264	5.30286
115	266	5.46523
115	267	5.4664
115	273	5.54103
115	274	5.68076
116	1	3.92349
116	11	3.38518
116	44	3.85286
116	85	4.12731
116	86	3.98581
116	101	4.10616
116	133	1.40426
116	137	4.47395
116	142	4.43423
116	154	4.63339
116	155	4.77634
116	171	5.08466
116	188	5.25887
116	193	5.31279
116	195	5.36483
116	213	5.46631
116	257	7.52507
117	122	1.96548
117	153	1.83127
117	198	3.11526
117	201	3.06524
117	249	4.36962
117	252	4.38993
117	253	4.68783
117	257	4.65004
117	268	4.76667
117	269	5.03084
117	275	5.04455
117	282	5.35536
117	283	5.3271
117	284	5.51155
117	286	5.3271
117	288	5.45288
119	144	3.09193
119	172	3.65468
119	181	3.69955
119	190	3.76561
119	199	4.17029
119	219	4.02475
119	221	4.42747
119	222	4.41558
119	224	4.5091
119	225	4.59015
119	228	4.91564
119	245	4.98379
119	246	5.01851
119	247	5.27042
119	255	5.39917
119	258	5.43599
119	262	5.43599
120	17	3.16907
120	56	3.49476
120	78	3.43657
120	127	4.00847
120	143	4.33396
120	165	4.48213
120	170	4.58893
120	183	4.67205
120	184	5.15537
120	240	5.6674
120	242	5.80801
120	243	5.79553
120	251	6.07555
120	259	6.22315
120	263	1.60924
120	296	7.39603
122	23	0.442491
122	98	8.50178
122	117	1.96548
122	164	2.6402
122	176	2.95079
122	209	3.47271
122	231	3.84997
122	249	4.34228
122	252	4.36259
122	256	4.61117
122	269	5.0035
122	271	4.88832
122	275	5.0172
122	282	5.32801
122	283	5.29975
122	284	5.4842
122	286	5.29975
122	288	5.42553
123	149	5.14391
123	192	2.39732
123	223	3.07943
123	233	3.15629
123	235	3.52672
123	260	4.08603
123	261	4.18449
123	264	3.78976
123	270	4.51707
123	278	4.72145
123	280	4.94339
123	293	5.10963
123	295	5.26834
123	296	5.2786
123	299	5.70119
123	300	5.43494
124	1	2.51312
124	13	3.36843
124	42	6.43116
124	52	3.79881
124	70	3.78935
124	83	4.00853
124	92	4.10775
124	102	4.15644
124	108	4.23105
124	125	4.26171
124	146	4.42287
124	177	5.11659
124	178	4.97929
124	194	5.25122
124	211	5.47589
124	214	5.50754
124	215	5.44558
125	13	3.32741
125	46	3.6347
125	62	3.78409
125	92	4.06673
125	106	1.3172
125	108	4.19003
125	112	4.21427
125	113	4.1141
125	124	4.26171
125	146	4.38186
125	177	5.07557
125	178	4.93828
125	191	5.1884
125	207	7.63578
125	211	5.43488
125	214	5.46652
125	215	5.40457
126	59	1.61817
126	63	2.28849
126	149	2.70717
126	186	3.57934
126	204	4.04255
126	207	4.13964
126	212	3.97935
126	219	4.22397
126	226	4.35774
126	227	4.50759
126	232	7.33982
126	236	4.60631
126	241	4.79993
126	250	4.97919
126	254	5.21531
126	264	5.22598
126	266	5.38834
126	267	5.38952
126	273	5.46414
126	274	5.60388
127	17	3.23005
127	43	3.3447
127	56	3.55575
127	78	3.49755
127	91	7.99368
127	120	4.00847
127	130	4.18323
127	150	4.2651
127	153	4.31145
127	165	4.54311
127	170	4.64991
127	183	4.73303
127	184	5.21635
127	240	5.72839
127	242	5.86899
127	243	5.85651
127	251	6.13653
127	259	6.28413
127	288	1.63351
129	5	3.69885
129	36	3.87696
129	39	4.11609
129	45	3.6947
129	50	3.94034
129	53	4.08852
129	58	4.22144
129	75	4.26227
129	76	4.19665
129	110	4.5323
129	134	4.71219
129	160	5.27822
129	166	4.96472
129	169	4.9897
129	189	5.32128
129	232	6.27116
130	17	3.34382
130	43	3.45848
130	55	3.75523
130	87	3.54264
130	127	4.18323
130	153	4.42522
130	161	3.05318
130	180	5.00846
130	184	5.33012
130	187	4.96776
130	199	6.31085
130	240	5.84216
130	242	5.98277
130	243	5.97029
130	251	6.2503
130	259	6.3979
132	24	3.30386
132	55	3.90275
132	56	3.81704
132	78	3.75884
132	87	3.69016
132	135	4.32577
132	153	4.57274
132	165	4.8044
132	170	4.9112
132	180	5.15598
132	183	4.99432
132	187	5.11528
132	240	5.98968
132	243	6.1178
132	259	6.54542
132	287	6.42782
133	2	4.17824
133	6	4.09087
133	20	4.13975
133	23	4.4232
133	36	4.28795
133	45	4.10569
133	50	4.35133
133	53	4.49951
133	58	4.63243
133	75	4.67326
133	76	4.60764
133	110	4.9433
133	116	1.40426
133	169	5.40069
133	232	6.68215
133	283	7.43933
134	5	3.61847
134	6	3.59949
134	20	3.64837
134	39	4.0357
134	45	3.61431
134	50	3.85995
134	99	4.37136
134	108	5.7811
134	110	4.45192
134	129	4.71219
134	147	4.69328
134	151	4.8588
134	166	4.88434
134	169	4.90931
134	189	5.24089
134	232	6.19077
134	255	3.86589
135	17	3.22507
135	31	3.47414
135	35	3.49246
135	59	3.71272
135	87	3.42389
135	132	4.32577
135	143	4.38996
135	150	4.26012
135	153	4.30647
135	162	7.15821
135	180	4.88971
135	183	4.72805
135	184	5.21137
135	227	2.43437
135	240	5.72341
135	242	5.86401
135	243	5.85153
135	251	6.13155
135	259	6.27915
136	86	4.01576
136	90	4.20244
136	97	3.45194
136	101	4.13611
136	106	4.5708
136	137	4.5039
136	142	4.46418
136	155	4.80629
136	156	4.92093
136	161	4.79213
136	171	5.11461
136	188	5.28882
136	193	5.34274
136	195	5.39478
136	213	5.49626
137	1	4.03472
137	11	3.49641
137	25	3.77963
137	86	4.09704
137	94	4.33771
137	101	4.21739
137	106	4.65208
137	116	4.47395
137	136	4.5039
137	142	4.54546
137	155	4.88757
137	156	5.00221
137	161	4.8734
137	171	5.19589
137	181	5.87931
137	188	5.37009
137	195	5.47606
137	213	5.57754
137	234	3.85037
139	82	2.88669
139	107	3.03758
139	144	3.37079
139	168	3.78333
139	172	3.93355
139	174	4.10863
139	181	3.97842
139	190	4.04448
139	221	4.70633
139	224	4.78797
139	228	5.1945
139	229	5.04824
139	245	5.26265
139	246	5.29737
139	247	5.54929
139	255	5.67804
139	258	5.71485
139	262	5.71485
139	278	4.03983
139	281	5.62731
140	150	2.46831
140	164	2.59579
140	176	2.90637
140	201	2.99347
140	220	3.48178
140	252	4.31817
140	253	4.61606
140	256	4.56675
140	257	4.57828
140	268	4.69491
140	269	4.95908
140	271	4.8439
140	275	4.97278
140	282	5.2836
140	283	5.25533
140	284	5.43978
140	286	5.25533
140	287	7.27201
140	288	5.38112
142	37	0.0630148
142	44	3.92436
142	86	4.05732
142	94	4.29799
142	101	4.17766
142	106	4.61236
142	116	4.43423
142	136	4.46418
142	137	4.54546
142	155	4.84785
142	156	4.96249
142	161	4.83368
142	171	5.15617
142	188	5.33037
142	193	5.38429
142	195	5.43634
142	213	5.53782
142	259	10.2148
143	8	3.48364
143	55	3.96694
143	56	3.88123
143	87	3.75435
143	120	4.33396
143	135	4.38996
143	149	5.175
143	150	4.59059
143	153	4.63693
143	187	5.17947
143	240	6.05387
143	242	6.19448
143	243	6.182
143	251	6.46201
143	259	6.60962
143	284	5.15922
144	61	2.91344
144	98	3.41107
144	119	3.09193
144	139	3.37079
144	168	3.96576
144	172	4.11598
144	190	4.22691
144	199	4.63158
144	221	4.88876
144	222	4.87687
144	225	5.05144
144	228	5.37693
144	245	5.44508
144	246	5.4798
144	247	5.73172
144	255	5.86046
144	258	5.89728
144	262	5.89728
144	282	5.75785
145	13	3.56425
145	52	3.99464
145	62	4.02093
145	70	3.98517
145	81	7.41637
145	91	4.2423
145	92	4.30357
145	102	4.35226
145	112	4.45111
145	113	4.35094
145	177	5.31241
145	178	5.17512
145	191	5.42524
145	194	5.44704
145	211	5.67172
145	214	5.70336
145	215	5.64141
146	46	3.79586
146	52	3.91896
146	62	3.94525
146	65	7.04931
146	68	3.9729
146	91	4.16662
146	108	4.35119
146	112	4.37543
146	113	4.27526
146	124	4.42287
146	125	4.38186
146	177	5.23673
146	178	5.09944
146	191	5.34956
146	194	5.37136
146	211	5.59603
146	214	5.62768
146	215	5.56573
146	259	3.22856
147	2	3.74833
147	6	3.66096
147	36	3.85804
147	45	3.67579
147	58	4.20252
147	76	4.17773
147	99	4.43283
147	110	4.51339
147	134	4.69328
147	151	4.92027
147	166	4.94581
147	169	4.97078
147	173	5.35836
147	189	5.30237
147	232	6.25224
147	267	5.66788
147	269	4.6391
149	72	2.45406
149	123	5.14391
149	126	2.70717
149	143	5.175
149	186	3.81007
149	208	4.20614
149	212	4.21008
149	219	4.4547
149	226	4.58848
149	227	4.73833
149	237	4.96594
149	239	4.80751
149	241	5.03066
149	250	5.20993
149	254	5.44605
149	264	5.45671
149	266	5.61908
149	267	5.62025
149	273	5.69487
149	274	5.83461
150	8	3.3538
150	31	3.67476
150	55	3.8371
150	59	3.91334
150	78	3.69319
150	127	4.2651
150	135	4.26012
150	140	2.46831
150	143	4.59059
150	180	5.09033
150	183	4.92867
150	184	5.41199
150	223	7.82285
150	240	5.92403
150	242	6.06464
150	243	6.05216
150	251	6.33217
150	259	6.47977
151	5	3.84546
151	39	4.2627
151	58	4.36805
151	75	4.40888
151	76	4.34326
151	99	4.59835
151	134	4.8588
151	147	4.92027
151	166	5.11133
151	169	5.13631
151	173	5.52389
151	189	5.46789
151	232	6.41777
151	235	0.00176336
151	297	3.22135
152	217	8.0913
152	223	3.38582
152	233	3.46268
152	235	3.83311
152	244	3.90391
152	260	4.39242
152	269	2.94961
152	278	5.02784
152	279	5.08293
152	281	5.36282
152	287	5.1464
152	292	5.30401
152	293	5.41601
152	294	5.32411
152	296	5.58499
152	297	5.5884
152	299	6.00758
152	300	5.74133
153	24	3.28456
153	43	3.5867
153	55	3.88345
153	87	3.67086
153	117	1.83127
153	127	4.31145
153	130	4.42522
153	132	4.57274
153	135	4.30647
153	143	4.63693
153	165	4.7851
153	170	4.8919
153	183	4.97502
153	184	5.45834
153	240	5.97038
153	242	6.11098
153	243	6.0985
153	251	6.37852
153	259	6.52612
153	281	9.23191
154	1	4.19416
154	11	3.65584
154	25	3.93906
154	44	4.12352
154	85	4.39798
154	86	4.25648
154	94	4.49715
154	106	4.81152
154	116	4.63339
154	155	5.04701
154	156	5.16165
154	161	5.03284
154	171	5.35533
154	188	5.52953
154	193	5.58345
154	195	5.6355
154	213	5.73698
154	252	7.56146
155	20	5.34792
155	25	4.08202
155	44	4.26648
155	86	4.39943
155	90	4.58611
155	94	4.6401
155	116	4.77634
155	136	4.80629
155	137	4.88757
155	142	4.84785
155	154	5.04701
155	156	5.3046
155	161	5.17579
155	171	5.49828
155	188	5.67248
155	193	5.72641
155	195	5.77845
155	213	5.87993
155	256	6.38582
155	291	0.199495
156	18	0.000205495
156	25	4.19666
156	86	4.51407
156	90	4.70075
156	94	4.75474
156	101	4.63441
156	106	5.06911
156	136	4.92093
156	137	5.00221
156	142	4.96249
156	154	5.16165
156	155	5.3046
156	161	5.29043
156	193	5.84105
156	195	5.89309
156	213	5.99457
156	287	7.38184
156	291	3.80299
159	16	1.61544
159	110	4.10703
159	163	2.97322
159	179	3.16646
159	198	3.55595
159	209	3.94075
159	216	3.76134
159	231	4.31801
159	234	4.4844
159	240	6.91828
159	249	4.81031
159	253	5.12852
159	256	5.07921
159	257	5.09073
159	268	5.20736
159	269	5.47153
159	282	5.79605
159	283	5.76779
159	284	5.95224
159	286	5.76779
159	288	5.89357
160	32	2.5466
160	111	2.92135
160	115	3.05713
160	129	5.27822
160	186	4.08314
160	204	4.54635
160	207	4.64344
160	212	4.48315
160	219	4.72777
160	226	4.86155
160	227	5.0114
160	237	5.23901
160	239	5.08059
160	241	5.30373
160	250	5.483
160	254	5.71912
160	264	5.72978
160	267	5.89332
160	273	5.96795
160	274	6.10768
161	11	3.78463
161	44	4.25231
161	85	4.52676
161	86	4.38526
161	90	4.57194
161	94	4.62593
161	106	4.9403
161	130	3.05318
161	136	4.79213
161	137	4.8734
161	142	4.83368
161	154	5.03284
161	155	5.17579
161	156	5.29043
161	195	5.76428
161	213	5.86576
162	88	1.32408
162	135	7.15821
162	235	3.87582
162	244	3.94663
162	265	4.67652
162	270	4.86617
162	278	5.07056
162	279	5.12565
162	280	5.29249
162	287	5.18911
162	291	5.64212
162	292	5.34673
162	294	5.36683
162	295	5.61744
162	297	5.63112
162	299	6.05029
162	300	5.78405
163	67	2.14842
163	78	7.55617
163	159	2.97322
163	164	3.20726
163	181	4.26482
163	182	3.20875
163	206	3.72945
163	209	4.03977
163	216	3.86036
163	220	4.09325
163	249	4.90933
163	256	5.17822
163	257	5.18975
163	268	5.30638
163	269	5.57055
163	271	5.45538
163	275	5.58425
163	282	5.89507
163	283	5.86681
163	284	6.05125
163	286	5.86681
163	288	5.99259
164	51	1.89613
164	75	5.99389
164	122	2.6402
164	140	2.59579
164	163	3.20726
164	175	3.65563
164	198	3.78999
164	206	3.86446
164	210	5.79659
164	234	4.71844
164	249	5.04434
164	252	5.06466
164	253	5.36255
164	256	5.31324
164	257	5.32476
164	268	5.4414
164	271	5.59039
164	282	6.03008
164	283	6.00182
164	284	6.18627
164	286	6.00182
164	288	6.1276
165	8	3.63181
165	24	3.51622
165	35	3.97109
165	43	3.81836
165	55	4.11511
165	59	4.19136
165	78	3.97121
165	120	4.48213
165	127	4.54311
165	132	4.8044
165	153	4.7851
165	180	5.36834
165	183	5.20668
165	187	5.32764
165	240	6.20204
165	242	6.34265
165	243	6.33017
165	250	7.96014
165	251	6.61018
165	259	6.75779
165	296	3.88614
166	5	3.871
166	6	3.85202
166	23	4.18435
166	39	4.28824
166	45	3.86685
166	50	4.11249
166	99	4.62389
166	110	4.70445
166	129	4.96472
166	134	4.88434
166	147	4.94581
166	151	5.11133
166	169	5.16184
166	173	5.54942
166	184	6.34878
166	189	5.49343
166	232	6.4433
166	253	5.35763
168	22	2.57858
168	57	3.11415
168	61	3.32597
168	86	4.59253
168	98	3.8236
168	107	3.63254
168	139	3.78333
168	144	3.96576
168	172	4.52851
168	174	4.70359
168	199	5.04411
168	200	4.90944
168	221	5.3013
168	224	5.38293
168	228	5.78946
168	229	5.6432
168	245	5.85762
168	246	5.89233
168	247	6.14425
168	255	6.273
168	258	6.30981
168	262	6.30981
169	2	3.96437
169	20	3.92588
169	36	4.07408
169	39	4.31321
169	45	3.89182
169	50	4.13746
169	53	4.28565
169	75	4.45939
169	76	4.39377
169	110	4.72943
169	129	4.9897
169	133	5.40069
169	134	4.90931
169	147	4.97078
169	151	5.13631
169	166	5.16184
169	173	5.5744
169	231	7.59689
169	232	6.46828
169	266	4.11031
170	8	3.7386
170	31	4.05957
170	43	3.92516
170	55	4.22191
170	59	4.29815
170	78	4.078
170	120	4.58893
170	127	4.64991
170	132	4.9112
170	153	4.8919
170	180	5.47514
170	183	5.31348
170	187	5.43444
170	191	6.09629
170	240	6.30884
170	242	6.44944
170	243	6.43696
170	251	6.71698
170	259	6.86458
170	274	6.43789
171	1	4.64543
171	11	4.10712
171	14	2.03803
171	44	4.5748
171	85	4.84925
171	86	4.70775
171	101	4.8281
171	106	5.26279
171	116	5.08466
171	136	5.11461
171	137	5.19589
171	142	5.15617
171	154	5.35533
171	155	5.49828
171	188	5.9808
171	193	6.03473
171	195	6.08677
171	213	6.18825
171	257	2.10325
171	294	8.35945
172	7	2.74043
172	42	3.39255
172	57	3.26438
172	98	3.97382
172	107	3.78276
172	119	3.65468
172	139	3.93355
172	144	4.11598
172	168	4.52851
172	174	4.85382
172	190	4.78966
172	200	5.05966
172	221	5.45152
172	222	5.43963
172	223	5.34299
172	224	5.53315
172	229	5.79342
172	230	7.1163
172	245	6.00784
172	246	6.04255
172	247	6.29447
172	255	6.42322
172	258	6.46003
172	262	6.46003
173	2	4.35195
173	5	4.28355
173	6	4.26458
173	23	4.59691
173	45	4.2794
173	50	4.52504
173	53	4.67323
173	75	4.84697
173	76	4.78135
173	98	0.000559432
173	99	5.03644
173	110	5.11701
173	147	5.35836
173	151	5.52389
173	166	5.54942
173	169	5.5744
173	189	5.90598
173	232	6.85586
173	260	7.11652
174	22	2.90388
174	61	3.65127
174	98	4.14891
174	104	1.98136
174	107	3.95784
174	139	4.10863
174	168	4.70359
174	172	4.85382
174	181	4.89868
174	199	5.36942
174	200	5.23474
174	221	5.6266
174	222	5.61471
174	224	5.70823
174	225	5.78928
174	228	6.11477
174	245	6.18292
174	246	6.21764
174	247	6.46955
174	255	6.5983
174	258	6.63512
174	262	6.63512
174	268	6.49728
175	3	2.40421
175	54	2.54116
175	85	3.75124
175	164	3.65563
175	179	3.71385
175	182	3.65712
175	201	4.05332
175	209	4.48814
175	220	4.54163
175	249	5.3577
175	252	5.37801
175	253	5.67591
175	257	5.63812
175	268	5.75475
175	269	6.01892
175	271	5.90375
175	275	6.03263
175	279	8.43898
175	282	6.34344
175	283	6.31518
175	284	6.49963
175	286	6.31518
175	288	6.44096
176	112	5.25214
176	122	2.95079
176	140	2.90637
176	182	3.65435
176	201	4.05054
176	231	4.86263
176	234	5.02902
176	249	5.35493
176	252	5.37524
176	253	5.67313
176	256	5.62383
176	266	6.06312
176	268	5.75198
176	269	6.01615
176	271	5.90098
176	275	6.02985
176	282	6.34067
176	283	6.31241
176	284	6.49686
176	286	6.31241
176	288	6.43819
177	13	4.18228
177	52	4.61267
177	68	4.66661
177	70	4.60321
177	91	4.86033
177	92	4.92161
177	94	4.18029
177	102	4.9703
177	108	5.04491
177	112	5.06914
177	113	4.96897
177	124	5.11659
177	125	5.07557
177	145	5.31241
177	146	5.23673
177	178	5.79315
177	194	6.06507
177	211	6.28975
177	214	6.3214
177	215	6.25944
178	13	4.04499
178	46	4.35228
178	52	4.47538
178	62	4.50167
178	68	4.52932
178	83	4.68509
178	91	4.72304
178	92	4.78431
178	102	4.833
178	113	4.83168
178	124	4.97929
178	125	4.93828
178	145	5.17512
178	146	5.09944
178	177	5.79315
178	191	5.90598
178	194	5.92778
178	211	6.15245
178	215	6.12215
178	228	7.0565
178	268	6.27793
179	3	2.14908
179	51	1.95436
179	56	3.96613
179	159	3.16646
179	175	3.71385
179	206	3.92269
179	216	4.05359
179	220	4.28649
179	231	4.61027
179	234	4.77666
179	249	5.10257
179	253	5.42077
179	256	5.37146
179	257	5.38299
179	268	5.49962
179	269	5.76379
179	271	5.64861
179	275	5.77749
179	282	6.08831
179	283	6.06004
179	284	6.24449
179	286	6.06004
179	288	6.18583
180	8	3.98338
180	56	4.38098
180	78	4.32278
180	87	4.2541
180	130	5.00846
180	132	5.15598
180	135	4.88971
180	150	5.09033
180	165	5.36834
180	170	5.47514
180	183	5.55826
180	187	5.67922
180	240	6.55362
180	242	6.69422
180	243	6.68174
180	251	6.96176
180	259	7.10936
180	262	3.62803
180	286	8.20268
181	19	2.87986
181	37	3.33244
181	101	3.11332
181	119	3.69955
181	137	5.87931
181	139	3.97842
181	163	4.26482
181	174	4.89868
181	190	4.83453
181	199	5.2392
181	200	5.10452
181	221	5.49639
181	222	5.48449
181	224	5.57802
181	225	5.65906
181	228	5.98455
181	229	5.83829
181	245	6.05271
181	246	6.08742
181	247	6.33934
181	255	6.46809
181	258	6.5049
181	262	6.5049
182	55	2.22913
182	67	2.28494
182	90	11.0283
182	163	3.20875
182	175	3.65712
182	176	3.65435
182	198	3.79148
182	206	3.86596
182	216	3.99687
182	231	4.55354
182	234	4.71993
182	249	5.04584
182	252	5.06615
182	253	5.36405
182	257	5.32626
182	268	5.44289
182	269	5.70707
182	271	5.59189
182	275	5.72077
182	282	6.03158
182	283	6.00332
182	284	6.18777
182	286	6.00332
182	288	6.1291
183	11	6.61323
183	24	3.70614
183	35	4.16101
183	55	4.30503
183	78	4.16112
183	87	4.09244
183	120	4.67205
183	127	4.73303
183	132	4.99432
183	135	4.72805
183	150	4.92867
183	153	4.97502
183	165	5.20668
183	170	5.31348
183	180	5.55826
183	184	5.87992
183	187	5.51756
183	240	6.39196
183	242	6.53256
183	243	6.52008
183	251	6.8001
183	259	6.9477
184	8	4.30504
184	17	4.37694
184	31	4.62601
184	43	4.49159
184	55	4.78835
184	56	4.70264
184	59	4.86459
184	87	4.57576
184	120	5.15537
184	127	5.21635
184	130	5.33012
184	135	5.21137
184	150	5.41199
184	153	5.45834
184	166	6.34878
184	183	5.87992
184	242	7.01588
184	243	7.0034
184	251	7.28342
184	259	7.43102
184	263	3.64284
184	278	4.06972
185	33	2.22077
185	73	2.22671
185	77	2.27022
185	210	3.99859
185	243	10.1306
185	248	4.50291
185	260	5.3021
185	263	5.40985
185	270	5.73313
185	279	5.99261
185	291	6.50908
185	292	6.21369
185	294	6.23379
185	295	6.4844
185	296	6.49466
185	297	6.49808
185	299	6.91725
185	300	6.65101
186	14	2.73387
186	17	5.84511
186	32	3.14569
186	63	3.39139
186	72	3.32623
186	80	3.20418
186	126	3.57934
186	149	3.81007
186	160	4.08314
186	204	5.14545
186	217	5.41085
186	219	5.32686
186	226	5.46064
186	227	5.61049
186	236	5.70921
186	239	5.67968
186	241	5.90283
186	245	8.15737
186	250	6.08209
186	254	6.31821
186	264	6.32887
186	266	6.49124
186	267	6.49242
186	273	6.56704
186	274	6.70678
187	17	4.01458
187	23	6.22637
187	24	3.8271
187	31	4.26365
187	35	4.28197
187	56	4.34028
187	59	4.50223
187	70	7.80324
187	78	4.28208
187	130	4.96776
187	132	5.11528
187	143	5.17947
187	165	5.32764
187	170	5.43444
187	180	5.67922
187	183	5.51756
187	240	6.51292
187	242	6.65352
187	243	6.64104
187	251	6.92106
187	259	7.06866
188	11	4.28132
188	25	4.56454
188	44	4.749
188	54	0.3284
188	85	5.02346
188	86	4.88195
188	90	5.06863
188	94	5.12262
188	101	5.0023
188	106	5.43699
188	113	3.34957
188	116	5.25887
188	136	5.28882
188	137	5.37009
188	142	5.33037
188	154	5.52953
188	155	5.67248
188	171	5.9808
188	193	6.20893
188	195	6.26097
188	213	6.36245
189	2	4.29595
189	5	4.22756
189	20	4.25746
189	23	4.54091
189	36	4.40566
189	39	4.64479
189	45	4.2234
189	50	4.46904
189	58	4.75014
189	75	4.79097
189	76	4.72535
189	99	4.98045
189	110	5.06101
189	129	5.32128
189	134	5.24089
189	147	5.30237
189	151	5.46789
189	166	5.49343
189	173	5.90598
189	232	6.79986
189	244	8.45164
190	42	3.50348
190	45	6.41428
190	80	5.45471
190	98	4.08475
190	106	2.16062
190	119	3.76561
190	139	4.04448
190	144	4.22691
190	172	4.78966
190	181	4.83453
190	199	5.30526
190	200	5.17059
190	221	5.56245
190	222	5.55056
190	224	5.64408
190	225	5.72512
190	228	6.05061
190	229	5.90435
190	245	6.11877
190	246	6.15348
190	247	6.4054
190	255	6.53415
190	258	6.57096
190	262	6.57096
191	46	4.6024
191	62	4.75179
191	68	4.77944
191	70	4.71603
191	83	4.93521
191	91	4.97316
191	92	5.03443
191	99	2.79287
191	102	5.08312
191	108	5.15773
191	112	5.18197
191	113	5.0818
191	125	5.1884
191	145	5.42524
191	146	5.34956
191	170	6.09629
191	178	5.90598
191	194	6.1779
191	211	6.40258
191	214	6.43422
191	215	6.37227
191	216	5.14547
192	14	3.7392
192	79	1.90221
192	100	2.44506
192	123	2.39732
192	232	5.04767
192	244	4.42438
192	249	5.28958
192	260	4.91289
192	261	5.01135
192	263	5.02064
192	265	5.15428
192	278	5.54831
192	280	5.77025
192	281	5.88329
192	291	6.11987
192	292	5.82448
192	293	5.93648
192	294	5.84458
192	295	6.0952
192	296	6.10546
192	297	6.10887
192	299	6.52805
192	300	6.2618
193	1	4.87356
193	11	4.33524
193	25	4.61846
193	44	4.80292
193	79	0.00256466
193	85	5.07738
193	90	5.12256
193	94	5.17655
193	101	5.05622
193	106	5.49092
193	116	5.31279
193	136	5.34274
193	142	5.38429
193	154	5.58345
193	155	5.72641
193	156	5.84105
193	171	6.03473
193	188	6.20893
193	213	6.41638
193	283	7.84512
194	13	4.31691
194	46	4.6242
194	52	4.7473
194	62	4.77359
194	68	4.80124
194	70	4.73784
194	80	2.21131
194	83	4.95701
194	91	4.99496
194	92	5.05624
194	102	5.10493
194	108	5.17954
194	112	5.20377
194	113	5.1036
194	124	5.25122
194	145	5.44704
194	146	5.37136
194	177	6.06507
194	178	5.92778
194	191	6.1779
194	211	6.42438
194	214	6.45603
194	215	6.39407
194	253	3.27399
194	280	9.30762
195	1	4.9256
195	11	4.38728
195	25	4.67051
195	85	5.12942
195	86	4.98792
195	90	5.1746
195	94	5.22859
195	101	5.10826
195	116	5.36483
195	136	5.39478
195	137	5.47606
195	142	5.43634
195	154	5.6355
195	155	5.77845
195	156	5.89309
195	161	5.76428
195	171	6.08677
195	188	6.26097
195	213	6.46842
195	270	3.23815
195	294	8.04085
195	300	3.50772
198	117	3.11526
198	159	3.55595
198	164	3.78999
198	182	3.79148
198	206	4.31218
198	215	2.95359
198	216	4.44308
198	220	4.67598
198	221	4.08722
198	231	4.99976
198	234	5.16615
198	252	5.51237
198	253	5.81026
198	256	5.76095
198	257	5.77248
198	268	5.88911
198	269	6.15328
198	271	6.0381
198	275	6.16698
198	278	7.7272
198	282	6.4778
198	283	6.44953
198	284	6.63398
198	286	6.44953
198	288	6.57532
199	37	3.80317
199	42	3.90815
199	61	3.99179
199	82	4.14747
199	107	4.29836
199	119	4.17029
199	130	6.31085
199	144	4.63158
199	168	5.04411
199	174	5.36942
199	181	5.2392
199	190	5.30526
199	200	5.57526
199	214	5.32485
199	221	5.96712
199	224	6.04875
199	225	6.1298
199	245	6.52344
199	246	6.55815
199	247	6.81007
199	255	6.93882
199	258	6.97564
199	262	6.97564
200	22	3.10972
200	42	3.77348
200	61	3.85711
200	107	4.16369
200	168	4.90944
200	172	5.05966
200	174	5.23474
200	181	5.10452
200	190	5.17059
200	199	5.57526
200	221	5.83244
200	222	5.82055
200	224	5.91407
200	225	5.99512
200	228	6.32061
200	229	6.17435
200	245	6.38876
200	247	6.67539
200	255	6.80414
200	258	6.84096
200	262	6.84096
200	264	4.66643
200	265	3.19635
200	300	6.86921
201	33	4.99236
201	50	3.09575
201	67	2.68113
201	117	3.06524
201	140	2.99347
201	175	4.05332
201	176	4.05054
201	209	4.57247
201	220	4.62596
201	231	4.94973
201	234	5.11612
201	247	6.70074
201	249	5.44203
201	252	5.46234
201	253	5.76024
201	256	5.71093
201	257	5.72245
201	268	5.83908
201	269	6.10326
201	271	5.98808
201	275	6.11696
201	282	6.42777
201	283	6.39951
201	284	6.58396
201	286	6.39951
201	288	6.52529
204	4	3.16207
204	31	2.97741
204	32	3.60891
204	65	3.21832
204	72	3.78944
204	111	3.98366
204	115	4.11944
204	126	4.04255
204	160	4.54635
204	186	5.14545
204	208	5.54152
204	210	5.28924
204	212	5.54546
204	217	5.87407
204	219	5.79008
204	236	6.17242
204	239	6.14289
204	241	6.36604
204	250	6.54531
204	254	6.78142
204	264	6.79209
204	266	6.95445
204	267	6.95563
204	268	7.40875
204	273	7.03025
204	274	7.16999
206	47	2.26224
206	163	3.72945
206	164	3.86446
206	179	3.92269
206	182	3.86596
206	198	4.31218
206	209	4.69697
206	214	7.8055
206	216	4.51756
206	220	4.75046
206	228	5.67385
206	231	5.07423
206	234	5.24063
206	249	5.56653
206	252	5.58685
206	253	5.88474
206	257	5.84695
206	268	5.96359
206	269	6.22776
206	271	6.11258
206	275	6.24146
206	282	6.55227
206	283	6.52401
206	284	6.70846
206	286	6.52401
206	288	6.64979
207	4	3.25916
207	14	3.29418
207	32	3.706
207	41	3.47906
207	63	3.95169
207	72	3.88653
207	80	3.76449
207	125	7.63578
207	126	4.13964
207	160	4.64344
207	208	5.63861
207	212	5.64255
207	217	5.97116
207	226	6.02095
207	227	6.17079
207	236	6.26951
207	239	6.23998
207	250	6.6424
207	254	6.87852
207	264	6.88918
207	266	7.05154
207	267	7.05272
207	273	7.12734
207	274	7.26708
207	300	6.59963
208	5	5.83244
208	15	2.87981
208	32	3.54177
208	41	3.31483
208	47	3.32289
208	65	3.15117
208	115	4.05229
208	149	4.20614
208	204	5.54152
208	207	5.63861
208	212	5.47832
208	217	5.80692
208	219	5.72294
208	221	4.33545
208	226	5.85671
208	227	6.00656
208	236	6.10528
208	237	6.23417
208	239	6.07575
208	250	6.47816
208	254	6.71428
208	264	6.72494
208	266	6.88731
208	267	6.88849
208	269	5.41251
208	273	6.96311
208	274	7.10285
209	3	2.92337
209	16	2.68199
209	122	3.47271
209	159	3.94075
209	163	4.03977
209	175	4.48814
209	201	4.57247
209	206	4.69697
209	231	5.38455
209	234	5.55095
209	249	5.87686
209	256	6.14575
209	257	6.15727
209	259	9.8232
209	268	6.27391
209	269	6.53808
209	271	6.4229
209	275	6.55178
209	282	6.86259
209	283	6.83433
209	284	7.01878
209	286	6.83433
209	288	6.96011
210	77	2.26623
210	81	2.50101
210	164	5.79659
210	185	3.99859
210	204	5.28924
210	226	4.5119
210	230	4.54684
210	235	4.73879
210	244	4.80959
210	248	4.49891
210	263	5.40585
210	265	5.53949
210	270	5.72914
210	280	6.15546
210	281	6.2685
210	287	6.05208
210	291	6.50509
210	293	6.32169
210	295	6.48041
210	296	6.49067
210	297	6.49408
210	299	6.91326
210	300	6.64701
211	13	4.54159
211	46	4.84888
211	52	4.97198
211	62	4.99827
211	68	5.02592
211	70	4.96251
211	83	5.18169
211	91	5.21964
211	92	5.28091
211	108	5.40421
211	112	5.42845
211	113	5.32828
211	124	5.47589
211	125	5.43488
211	145	5.67172
211	146	5.59603
211	177	6.28975
211	178	6.15245
211	191	6.40258
211	194	6.42438
211	214	6.6807
211	215	6.61875
211	273	7.93098
211	296	8.62575
212	32	3.5457
212	65	3.15511
212	68	1.17964
212	80	3.60419
212	126	3.97935
212	149	4.21008
212	160	4.48315
212	204	5.54546
212	207	5.64255
212	208	5.47832
212	219	5.72687
212	226	5.86065
212	227	6.0105
212	236	6.10922
212	237	6.23811
212	239	6.07969
212	241	6.30284
212	250	6.4821
212	254	6.71822
212	264	6.72888
212	266	6.89125
212	267	6.89243
212	273	6.96705
212	274	7.10679
212	297	8.99226
213	1	5.02708
213	11	4.48877
213	25	4.77199
213	44	4.95645
213	85	5.2309
213	86	5.0894
213	90	5.27608
213	94	5.33007
213	101	5.20975
213	106	5.64444
213	116	5.46631
213	136	5.49626
213	137	5.57754
213	142	5.53782
213	154	5.73698
213	155	5.87993
213	156	5.99457
213	161	5.86576
213	171	6.18825
213	188	6.36245
213	193	6.41638
213	195	6.46842
213	237	2.2869
213	286	8.993
214	13	4.57324
214	46	4.88053
214	52	5.00362
214	62	5.02992
214	68	5.05756
214	70	4.99416
214	83	5.21334
214	91	5.25128
214	92	5.31256
214	102	5.36125
214	108	5.43586
214	112	5.4601
214	113	5.35992
214	124	5.50754
214	125	5.46652
214	145	5.70336
214	146	5.62768
214	177	6.3214
214	191	6.43422
214	194	6.45603
214	199	5.32485
214	206	7.8055
214	211	6.6807
214	215	6.65039
215	46	4.81857
215	52	4.94167
215	62	4.96796
215	68	4.99561
215	70	4.9322
215	83	5.15138
215	91	5.18933
215	92	5.2506
215	102	5.29929
215	108	5.3739
215	112	5.39814
215	113	5.29797
215	124	5.44558
215	125	5.40457
215	145	5.64141
215	146	5.56573
215	177	6.25944
215	178	6.12215
215	191	6.37227
215	194	6.39407
215	198	2.95359
215	211	6.61875
215	214	6.65039
215	233	8.27308
215	299	5.26208
216	159	3.76134
216	163	3.86036
216	179	4.05359
216	182	3.99687
216	191	5.14547
216	198	4.44308
216	206	4.51756
216	220	4.88137
216	231	5.20514
216	234	5.37153
216	249	5.69744
216	252	5.71775
216	253	6.01565
216	256	5.96634
216	257	5.97786
216	268	6.0945
216	269	6.35867
216	271	6.24349
216	275	6.37237
216	282	6.68318
216	283	6.65492
216	284	6.83937
216	286	6.65492
216	288	6.7807
216	297	8.61403
217	4	3.42747
217	14	3.46249
217	15	3.21235
217	41	3.64737
217	62	4.48858
217	63	4.12001
217	72	4.05484
217	80	3.9328
217	111	4.24907
217	115	4.38484
217	152	8.0913
217	186	5.41085
217	204	5.87407
217	207	5.97116
217	208	5.80692
217	219	6.05548
217	227	6.33911
217	236	6.43783
217	237	6.56672
217	239	6.4083
217	241	6.63145
217	254	7.04683
217	264	7.05749
217	266	7.21986
217	267	7.22103
217	273	7.29566
217	274	7.43539
217	292	4.65619
219	15	3.12837
219	63	4.03602
219	65	3.39973
219	80	3.84881
219	111	4.16508
219	119	4.02475
219	126	4.22397
219	149	4.4547
219	160	4.72777
219	186	5.32686
219	204	5.79008
219	208	5.72294
219	212	5.72687
219	217	6.05548
219	221	8.8374
219	226	6.10527
219	227	6.25512
219	237	6.48273
219	239	6.32431
219	241	6.54746
219	250	6.72672
219	251	4.3163
219	254	6.96284
219	264	6.9735
219	266	7.13587
219	267	7.13704
219	273	7.21167
219	274	7.35141
220	3	2.97685
220	54	3.1138
220	140	3.48178
220	163	4.09325
220	175	4.54163
220	179	4.28649
220	198	4.67598
220	201	4.62596
220	206	4.75046
220	216	4.88137
220	234	5.60443
220	249	5.93034
220	252	5.95065
220	253	6.24855
220	255	6.698
220	256	6.19924
220	257	6.21076
220	268	6.32739
220	269	6.59157
220	271	6.47639
220	275	6.60527
220	282	6.91608
220	283	6.88782
220	284	7.07227
220	286	6.88782
220	288	7.0136
221	19	3.60778
221	22	3.50158
221	37	4.06036
221	57	4.03716
221	98	4.74661
221	107	4.55555
221	119	4.42747
221	139	4.70633
221	144	4.88876
221	168	5.3013
221	172	5.45152
221	174	5.6266
221	181	5.49639
221	190	5.56245
221	198	4.08722
221	199	5.96712
221	200	5.83244
221	208	4.33545
221	219	8.8374
221	222	6.21241
221	224	6.30594
221	225	6.38698
221	228	6.71247
221	229	6.56621
221	245	6.78063
221	246	6.81534
221	247	7.06726
221	258	7.23282
221	262	7.23282
222	7	3.50133
222	22	3.48969
222	42	4.15344
222	57	4.02527
222	98	4.73472
222	107	4.54365
222	119	4.41558
222	144	4.87687
222	172	5.43963
222	174	5.61471
222	181	5.48449
222	190	5.55056
222	200	5.82055
222	221	6.21241
222	223	4.09423
222	224	6.29404
222	225	6.37509
222	228	6.70058
222	229	6.55432
222	230	5.86754
222	240	7.25249
222	245	6.76873
222	246	6.80345
222	247	7.05536
222	255	7.18411
222	258	7.22093
222	262	7.22093
223	97	2.79087
223	104	3.04255
223	123	3.07943
223	150	7.82285
223	152	3.38582
223	172	5.34299
223	222	4.09423
223	230	4.84375
223	233	4.66527
223	248	4.79582
223	260	5.59501
223	261	5.69347
223	263	5.70276
223	265	5.83639
223	278	6.23042
223	280	6.45236
223	281	6.5654
223	291	6.80199
223	292	6.5066
223	293	6.6186
223	294	6.52669
223	295	6.77731
223	296	6.78757
223	297	6.79099
223	299	7.21016
224	7	3.59485
224	42	4.24697
224	57	4.11879
224	61	4.33061
224	82	4.48629
224	90	0.0929838
224	98	4.82824
224	119	4.5091
224	139	4.78797
224	168	5.38293
224	172	5.53315
224	174	5.70823
224	181	5.57802
224	190	5.64408
224	199	6.04875
224	200	5.91407
224	221	6.30594
224	222	6.29404
224	225	6.46861
224	229	6.64784
224	245	6.86226
224	246	6.89697
224	247	7.14889
224	248	9.01049
224	255	7.27764
224	258	7.31445
224	262	7.31445
224	266	8.95069
225	7	3.67589
225	19	3.77046
225	22	3.66426
225	33	1.48234
225	37	4.22303
225	57	4.19984
225	61	4.41165
225	82	4.56733
225	98	4.90929
225	119	4.59015
225	144	5.05144
225	174	5.78928
225	181	5.65906
225	190	5.72512
225	199	6.1298
225	200	5.99512
225	221	6.38698
225	222	6.37509
225	224	6.46861
225	228	6.87515
225	229	6.72889
225	245	6.9433
225	246	6.97802
225	247	7.22993
225	248	7.71573
225	255	7.35868
225	258	7.3955
225	262	7.3955
225	270	8.85702
226	15	3.26214
226	41	3.69716
226	47	3.70522
226	65	3.53351
226	72	4.10463
226	80	3.98259
226	111	4.29885
226	115	4.43463
226	126	4.35774
226	149	4.58848
226	160	4.86155
226	186	5.46064
226	207	6.02095
226	208	5.85671
226	210	4.5119
226	212	5.86065
226	219	6.10527
226	227	6.3889
226	236	6.48762
226	237	6.61651
226	239	6.45809
226	241	6.68123
226	250	6.8605
226	254	7.09662
226	264	7.10728
226	266	7.26965
226	267	7.27082
226	273	7.34545
226	274	7.48518
226	280	6.00702
226	295	7.60422
227	4	3.62711
227	41	3.84701
227	63	4.31964
227	65	3.68336
227	73	7.61162
227	115	4.58448
227	126	4.50759
227	135	2.43437
227	149	4.73833
227	160	5.0114
227	186	5.61049
227	207	6.17079
227	208	6.00656
227	212	6.0105
227	217	6.33911
227	219	6.25512
227	226	6.3889
227	229	1.11215
227	236	6.63746
227	237	6.76636
227	239	6.60794
227	241	6.83108
227	250	7.01035
227	254	7.24647
227	264	7.25713
227	266	7.4195
227	267	7.42067
227	273	7.4953
227	274	7.63503
228	7	4.00138
228	19	4.09595
228	22	3.98975
228	32	1.97949
228	37	4.54852
228	57	4.52533
228	82	4.89282
228	119	4.91564
228	139	5.1945
228	144	5.37693
228	168	5.78946
228	174	6.11477
228	178	7.0565
228	181	5.98455
228	190	6.05061
228	200	6.32061
228	206	5.67385
228	221	6.71247
228	222	6.70058
228	225	6.87515
228	229	7.05438
228	245	7.26879
228	246	7.3035
228	247	7.55542
228	255	7.68417
228	258	7.72099
228	262	7.72099
229	7	3.85512
229	19	3.94969
229	22	3.84349
229	37	4.40226
229	42	4.50724
229	57	4.37907
229	61	4.59088
229	82	4.74656
229	107	4.89745
229	139	5.04824
229	168	5.6432
229	172	5.79342
229	181	5.83829
229	190	5.90435
229	200	6.17435
229	221	6.56621
229	222	6.55432
229	224	6.64784
229	225	6.72889
229	227	1.11215
229	228	7.05438
229	239	6.75704
229	245	7.12253
229	246	7.15724
229	247	7.40916
229	255	7.53791
229	258	7.57473
229	262	7.57473
229	291	11.0898
230	34	3.12234
230	81	3.05326
230	100	3.38252
230	172	7.1163
230	210	4.54684
230	222	5.86754
230	223	4.84375
230	233	4.92061
230	235	5.29104
230	248	5.05116
230	260	5.85035
230	261	5.94881
230	263	5.9581
230	265	6.09173
230	270	6.28139
230	279	6.54086
230	280	6.70771
230	281	6.82075
230	287	6.60433
230	288	5.97699
230	291	7.05733
230	292	6.76194
230	296	7.04291
230	297	7.04633
230	299	7.4655
230	300	7.19926
231	10	2.86371
231	25	3.70475
231	51	3.1059
231	54	3.43758
231	67	3.49321
231	122	3.84997
231	159	4.31801
231	169	7.59689
231	176	4.86263
231	179	4.61027
231	182	4.55354
231	198	4.99976
231	201	4.94973
231	206	5.07423
231	209	5.38455
231	216	5.20514
231	234	5.92821
231	252	6.27442
231	253	6.57232
231	256	6.52301
231	257	6.53453
231	268	6.65117
231	269	6.91534
231	271	6.80016
231	275	6.92904
231	282	7.23985
231	283	7.21159
231	284	7.39604
231	286	7.21159
231	288	7.33737
232	2	5.24582
232	5	5.17743
232	6	5.15846
232	10	1.13765
232	20	5.20734
232	23	5.49079
232	36	5.35554
232	39	5.59467
232	45	5.17328
232	50	5.41892
232	53	5.5671
232	58	5.70002
232	75	5.74085
232	76	5.67523
232	99	5.93032
232	104	6.30009
232	110	6.01088
232	126	7.33982
232	129	6.27116
232	133	6.68215
232	134	6.19077
232	147	6.25224
232	151	6.41777
232	166	6.4433
232	169	6.46828
232	173	6.85586
232	189	6.79986
232	192	5.04767
233	32	4.51102
233	73	2.59648
233	97	2.86774
233	123	3.15629
233	152	3.46268
233	215	8.27308
233	223	4.66527
233	230	4.92061
233	244	5.18335
233	248	4.87268
233	260	5.67187
233	261	5.77033
233	263	5.77962
233	265	5.91325
233	270	6.1029
233	279	6.36238
233	280	6.52922
233	287	6.42584
233	291	6.87885
233	292	6.58346
233	293	6.69546
233	294	6.60356
233	295	6.85417
233	296	6.86443
233	297	6.86785
233	299	7.28702
233	300	7.02078
234	34	2.03763
234	54	3.60397
234	137	3.85037
234	159	4.4844
234	164	4.71844
234	176	5.02902
234	179	4.77666
234	182	4.71993
234	198	5.16615
234	201	5.11612
234	206	5.24063
234	209	5.55095
234	216	5.37153
234	220	5.60443
234	231	5.92821
234	239	8.1672
234	249	6.42051
234	252	6.44082
234	253	6.73871
234	256	6.6894
234	257	6.70093
234	268	6.81756
234	269	7.08173
234	271	6.96655
234	275	7.09543
234	282	7.40625
234	283	7.37798
234	286	7.37798
234	288	7.50377
235	24	5.61594
235	88	2.93123
235	100	3.57447
235	123	3.52672
235	151	0.00176336
235	152	3.83311
235	162	3.87582
235	210	4.73879
235	230	5.29104
235	244	5.55378
235	248	5.2431
235	260	6.04229
235	261	6.14075
235	263	6.15004
235	265	6.28368
235	270	6.47333
235	275	9.58873
235	278	6.67771
235	279	6.73281
235	287	6.79627
235	291	7.24928
235	292	6.95389
235	293	7.06589
235	294	6.97398
235	295	7.2246
235	296	7.23486
235	297	7.23828
235	299	7.65745
235	300	7.3912
236	4	3.72583
236	14	3.76085
236	15	3.51071
236	47	3.95379
236	58	5.72915
236	65	3.78208
236	72	4.3532
236	80	4.23116
236	111	4.54742
236	115	4.6832
236	126	4.60631
236	186	5.70921
236	204	6.17242
236	207	6.26951
236	208	6.10528
236	212	6.10922
236	217	6.43783
236	226	6.48762
236	227	6.63746
236	237	6.86508
236	239	6.70665
236	241	6.9298
236	250	7.10907
236	254	7.34519
236	263	10.0338
236	264	7.35585
236	266	7.51821
236	267	7.51939
236	273	7.59401
236	274	7.73375
236	292	4.05901
237	15	3.6396
237	32	4.30156
237	47	4.08268
237	63	4.54726
237	65	3.91097
237	80	4.36005
237	94	4.1847
237	100	4.54585
237	111	4.67632
237	115	4.81209
237	149	4.96594
237	160	5.23901
237	208	6.23417
237	212	6.23811
237	213	2.2869
237	217	6.56672
237	219	6.48273
237	226	6.61651
237	227	6.76636
237	236	6.86508
237	239	6.83555
237	241	7.0587
237	250	7.23796
237	254	7.47408
237	264	7.48474
237	266	7.64711
237	267	7.64828
237	273	7.72291
237	274	7.86264
237	288	8.81157
239	4	3.6963
239	14	3.73132
239	15	3.48118
239	32	4.14314
239	41	3.9162
239	47	3.92426
239	65	3.75255
239	111	4.51789
239	149	4.80751
239	160	5.08059
239	186	5.67968
239	204	6.14289
239	207	6.23998
239	208	6.07575
239	212	6.07969
239	217	6.4083
239	219	6.32431
239	226	6.45809
239	227	6.60794
239	229	6.75704
239	234	8.1672
239	236	6.70665
239	237	6.83555
239	241	6.90027
239	250	7.07954
239	254	7.31566
239	264	7.32632
239	266	7.48869
239	267	7.48986
239	273	7.56448
239	274	7.70422
240	8	4.81708
240	17	4.88898
240	24	4.70149
240	31	5.13804
240	35	5.15636
240	43	5.00363
240	55	5.30039
240	59	5.37663
240	78	5.15648
240	87	5.0878
240	120	5.6674
240	127	5.72839
240	130	5.84216
240	132	5.98968
240	135	5.72341
240	143	6.05387
240	150	5.92403
240	153	5.97038
240	159	6.91828
240	165	6.20204
240	170	6.30884
240	180	6.55362
240	183	6.39196
240	187	6.51292
240	222	7.25249
240	242	7.52792
240	243	7.51544
240	251	7.79546
240	259	7.94306
240	269	6.53055
241	14	3.95446
241	15	3.70433
241	47	4.14741
241	63	4.61198
241	72	4.54682
241	80	4.42478
241	88	7.58752
241	111	4.74104
241	126	4.79993
241	149	5.03066
241	160	5.30373
241	186	5.90283
241	204	6.36604
241	212	6.30284
241	217	6.63145
241	219	6.54746
241	226	6.68123
241	227	6.83108
241	236	6.9298
241	237	7.0587
241	239	6.90027
241	250	7.30268
241	254	7.5388
241	264	7.54947
241	266	7.71183
241	267	7.71301
241	273	7.78763
241	274	7.92737
241	295	2.32235
242	17	5.02959
242	24	4.8421
242	31	5.27865
242	35	5.29697
242	43	5.14424
242	56	5.35528
242	59	5.51724
242	78	5.29709
242	87	5.2284
242	115	4.38879
242	120	5.80801
242	127	5.86899
242	130	5.98277
242	135	5.86401
242	143	6.19448
242	150	6.06464
242	153	6.11098
242	165	6.34265
242	170	6.44944
242	180	6.69422
242	183	6.53256
242	184	7.01588
242	187	6.65352
242	240	7.52792
242	243	7.65605
242	251	7.93606
242	259	8.08367
242	280	5.92267
242	293	8.79102
243	8	4.94521
243	17	5.01711
243	24	4.82962
243	31	5.26617
243	35	5.28449
243	56	5.3428
243	87	5.21592
243	102	3.85687
243	120	5.79553
243	127	5.85651
243	130	5.97029
243	132	6.1178
243	135	5.85153
243	143	6.182
243	150	6.05216
243	153	6.0985
243	165	6.33017
243	170	6.43696
243	180	6.68174
243	183	6.52008
243	184	7.0034
243	185	10.1306
243	187	6.64104
243	240	7.51544
243	242	7.65605
243	251	7.92358
243	259	8.07119
243	292	2.18136
244	73	3.03771
244	97	3.30896
244	152	3.90391
244	162	3.94663
244	189	8.45164
244	192	4.42438
244	210	4.80959
244	233	5.18335
244	235	5.55378
244	248	5.31391
244	260	6.1131
244	261	6.21155
244	263	6.22085
244	270	6.54413
244	274	2.18149
244	275	11.1448
244	278	6.74851
244	280	6.97045
244	281	7.08349
244	287	6.86707
244	291	7.32008
244	292	7.02469
244	293	7.13669
244	294	7.04478
244	295	7.2954
244	296	7.30566
244	297	7.30908
244	299	7.72825
244	300	7.462
245	7	4.06954
245	19	4.1641
245	22	4.0579
245	37	4.61667
245	57	4.59348
245	61	4.8053
245	82	4.96098
245	98	5.30293
245	119	4.98379
245	139	5.26265
245	144	5.44508
245	168	5.85762
245	172	6.00784
245	174	6.18292
245	181	6.05271
245	186	8.15737
245	190	6.11877
245	199	6.52344
245	200	6.38876
245	221	6.78063
245	222	6.76873
245	224	6.86226
245	225	6.9433
245	228	7.26879
245	229	7.12253
245	246	7.37166
245	255	7.75233
245	258	7.78914
245	262	7.78914
245	284	7.08289
246	7	4.10425
246	19	4.19881
246	37	4.65139
246	42	4.75637
246	57	4.6282
246	61	4.84001
246	82	4.99569
246	98	5.33764
246	107	5.14658
246	113	5.53358
246	119	5.01851
246	139	5.29737
246	144	5.4798
246	168	5.89233
246	172	6.04255
246	174	6.21764
246	181	6.08742
246	190	6.15348
246	199	6.55815
246	221	6.81534
246	222	6.80345
246	224	6.89697
246	225	6.97802
246	228	7.3035
246	229	7.15724
246	245	7.37166
246	247	7.65829
246	255	7.78704
246	258	7.82386
246	262	7.82386
246	263	10.0123
247	7	4.35617
247	19	4.45073
247	22	4.34454
247	37	4.90331
247	42	5.00829
247	57	4.88011
247	61	5.09193
247	82	5.24761
247	107	5.3985
247	119	5.27042
247	139	5.54929
247	144	5.73172
247	168	6.14425
247	172	6.29447
247	174	6.46955
247	181	6.33934
247	190	6.4054
247	199	6.81007
247	200	6.67539
247	201	6.70074
247	221	7.06726
247	222	7.05536
247	224	7.14889
247	225	7.22993
247	228	7.55542
247	229	7.40916
247	246	7.65829
247	255	8.03896
247	258	8.07577
247	260	7.81421
247	262	8.07577
247	291	7.21499
248	13	5.78001
248	77	2.77054
248	88	2.69136
248	185	4.50291
248	210	4.49891
248	223	4.79582
248	224	9.01049
248	225	7.71573
248	230	5.05116
248	233	4.87268
248	235	5.2431
248	244	5.31391
248	260	5.80242
248	261	5.90088
248	263	5.91017
248	265	6.0438
248	270	6.23345
248	278	6.43784
248	279	6.49293
248	280	6.65977
248	281	6.77281
248	287	6.55639
248	291	7.0094
248	292	6.71401
248	293	6.82601
248	294	6.73411
248	295	6.98472
248	296	6.99498
248	297	6.9984
248	299	7.41757
248	300	7.15133
249	10	3.35601
249	100	3.80321
249	117	4.36962
249	122	4.34228
249	159	4.81031
249	163	4.90933
249	164	5.04434
249	175	5.3577
249	176	5.35493
249	179	5.10257
249	182	5.04584
249	192	5.28958
249	201	5.44203
249	206	5.56653
249	209	5.87686
249	216	5.69744
249	220	5.93034
249	234	6.42051
249	252	6.76673
249	253	7.06462
249	256	7.01531
249	257	7.02684
249	258	6.72783
249	268	7.14347
249	269	7.40764
249	271	7.29246
249	275	7.42134
249	282	7.73215
249	283	7.70389
249	284	7.88834
249	286	7.70389
249	288	7.82968
250	4	4.09871
250	14	4.13373
250	15	3.88359
250	32	4.54555
250	41	4.31861
250	47	4.32667
250	65	4.15496
250	72	4.72608
250	111	4.9203
250	115	5.05608
250	126	4.97919
250	149	5.20993
250	160	5.483
250	165	7.96014
250	186	6.08209
250	204	6.54531
250	207	6.6424
250	208	6.47816
250	212	6.4821
250	219	6.72672
250	226	6.8605
250	227	7.01035
250	236	7.10907
250	237	7.23796
250	239	7.07954
250	241	7.30268
250	254	7.71807
250	264	7.72873
250	266	7.8911
250	267	7.89227
250	273	7.9669
250	274	8.10663
250	292	11.5113
251	8	5.22522
251	24	5.10964
251	31	5.54619
251	35	5.56451
251	43	5.41178
251	51	6.95927
251	55	5.70853
251	56	5.62282
251	59	5.78477
251	78	5.56462
251	87	5.49594
251	120	6.07555
251	127	6.13653
251	130	6.2503
251	135	6.13155
251	143	6.46201
251	150	6.33217
251	153	6.37852
251	165	6.61018
251	170	6.71698
251	180	6.96176
251	183	6.8001
251	184	7.28342
251	187	6.92106
251	219	4.3163
251	240	7.79546
251	242	7.93606
251	243	7.92358
251	259	8.3512
251	296	5.67796
252	51	3.61852
252	54	3.95019
252	67	4.00582
252	87	7.65427
252	117	4.38993
252	122	4.36259
252	140	4.31817
252	154	7.56146
252	164	5.06466
252	175	5.37801
252	176	5.37524
252	182	5.06615
252	198	5.51237
252	201	5.46234
252	206	5.58685
252	216	5.71775
252	220	5.95065
252	231	6.27442
252	234	6.44082
252	249	6.76673
252	253	7.08493
252	256	7.03562
252	257	7.04715
252	268	7.16378
252	269	7.42795
252	271	7.31277
252	275	7.44165
252	282	7.75247
252	283	7.7242
252	284	7.90865
252	286	7.7242
252	288	7.84999
253	16	3.86975
253	51	3.91641
253	54	4.24808
253	117	4.68783
253	140	4.61606
253	159	5.12852
253	164	5.36255
253	166	5.35763
253	175	5.67591
253	176	5.67313
253	179	5.42077
253	182	5.36405
253	194	3.27399
253	198	5.81026
253	201	5.76024
253	206	5.88474
253	216	6.01565
253	220	6.24855
253	231	6.57232
253	234	6.73871
253	249	7.06462
253	252	7.08493
253	256	7.33352
253	257	7.34504
253	268	7.46167
253	271	7.61067
253	275	7.73955
253	282	8.05036
253	283	8.0221
253	284	8.20655
253	286	8.0221
253	288	8.14788
253	299	4.63513
254	4	4.33483
254	14	4.36985
254	15	4.11971
254	32	4.78167
254	41	4.55473
254	47	4.56279
254	65	4.39108
254	70	0.00193439
254	80	4.84016
254	111	5.15642
254	115	5.2922
254	126	5.21531
254	149	5.44605
254	160	5.71912
254	186	6.31821
254	204	6.78142
254	207	6.87852
254	208	6.71428
254	212	6.71822
254	217	7.04683
254	219	6.96284
254	226	7.09662
254	227	7.24647
254	236	7.34519
254	237	7.47408
254	239	7.31566
254	241	7.5388
254	250	7.71807
254	264	7.96485
254	266	8.12722
254	267	8.12839
254	273	8.20302
254	274	8.34275
255	7	4.48492
255	19	4.57948
255	22	4.47329
255	37	5.03206
255	42	5.13704
255	57	5.00886
255	61	5.22068
255	82	5.37636
255	98	5.71831
255	107	5.52725
255	111	2.0402
255	119	5.39917
255	134	3.86589
255	139	5.67804
255	144	5.86046
255	168	6.273
255	172	6.42322
255	174	6.5983
255	181	6.46809
255	190	6.53415
255	199	6.93882
255	200	6.80414
255	220	6.698
255	222	7.18411
255	224	7.27764
255	225	7.35868
255	228	7.68417
255	229	7.53791
255	245	7.75233
255	246	7.78704
255	247	8.03896
255	258	8.20452
255	262	8.20452
255	299	11.7694
256	3	4.06182
256	10	3.62491
256	39	7.15024
256	54	4.19877
256	79	8.5905
256	107	2.22894
256	122	4.61117
256	140	4.56675
256	155	6.38582
256	159	5.07921
256	163	5.17822
256	164	5.31324
256	176	5.62383
256	179	5.37146
256	198	5.76095
256	201	5.71093
256	209	6.14575
256	216	5.96634
256	220	6.19924
256	231	6.52301
256	234	6.6894
256	249	7.01531
256	252	7.03562
256	253	7.33352
256	257	7.29573
256	268	7.41237
256	269	7.67654
256	271	7.56136
256	275	7.69024
256	282	8.00105
256	283	7.97279
256	284	8.15724
256	286	7.97279
256	288	8.09857
257	51	3.87863
257	67	4.26593
257	97	4.84372
257	116	7.52507
257	117	4.65004
257	140	4.57828
257	159	5.09073
257	163	5.18975
257	164	5.32476
257	171	2.10325
257	175	5.63812
257	179	5.38299
257	182	5.32626
257	198	5.77248
257	201	5.72245
257	206	5.84695
257	209	6.15727
257	216	5.97786
257	220	6.21076
257	231	6.53453
257	234	6.70093
257	249	7.02684
257	252	7.04715
257	253	7.34504
257	256	7.29573
257	268	7.42389
257	269	7.68806
257	271	7.57288
257	275	7.70176
257	282	8.01257
257	283	7.98431
257	284	8.16876
257	286	7.98431
257	288	8.11009
257	300	9.87455
258	7	4.52174
258	19	4.6163
258	22	4.5101
258	37	5.06887
258	42	5.17385
258	47	4.0309
258	57	5.04568
258	61	5.25749
258	82	5.41317
258	98	5.75513
258	107	5.56406
258	115	4.50569
258	119	5.43599
258	139	5.71485
258	144	5.89728
258	168	6.30981
258	172	6.46003
258	174	6.63512
258	181	6.5049
258	190	6.57096
258	199	6.97564
258	200	6.84096
258	221	7.23282
258	222	7.22093
258	224	7.31445
258	225	7.3955
258	228	7.72099
258	229	7.57473
258	245	7.78914
258	246	7.82386
258	247	8.07577
258	249	6.72783
258	255	8.20452
258	262	8.24134
258	273	10.0716
259	8	5.37283
259	17	5.44472
259	24	5.25724
259	25	2.03161
259	31	5.69379
259	35	5.71211
259	43	5.55938
259	55	5.85613
259	56	5.77042
259	59	5.93237
259	78	5.71222
259	87	5.64354
259	120	6.22315
259	127	6.28413
259	130	6.3979
259	132	6.54542
259	135	6.27915
259	142	10.2148
259	143	6.60962
259	146	3.22856
259	150	6.47977
259	153	6.52612
259	165	6.75779
259	170	6.86458
259	180	7.10936
259	183	6.9477
259	184	7.43102
259	187	7.06866
259	209	9.8232
259	240	7.94306
259	242	8.08367
259	243	8.07119
259	251	8.3512
260	35	4.6355
260	38	3.23506
260	73	3.52622
260	97	3.79748
260	104	4.04916
260	123	4.08603
260	152	4.39242
260	173	7.11652
260	185	5.3021
260	192	4.91289
260	223	5.59501
260	230	5.85035
260	233	5.67187
260	235	6.04229
260	244	6.1131
260	247	7.81421
260	248	5.80242
260	261	6.70007
260	263	6.70936
260	265	6.84299
260	270	7.03265
260	278	7.23703
260	279	7.29212
260	280	7.45896
260	291	7.80859
260	292	7.5132
260	293	7.6252
260	294	7.5333
260	295	7.78391
260	296	7.79417
260	297	7.79759
260	299	8.21676
260	300	7.95052
261	18	3.28205
261	34	3.97206
261	79	3.68938
261	83	2.47866
261	97	3.89594
261	104	4.14762
261	123	4.18449
261	192	5.01135
261	223	5.69347
261	230	5.94881
261	233	5.77033
261	235	6.14075
261	244	6.21155
261	248	5.90088
261	260	6.70007
261	263	6.80782
261	269	6.72104
261	270	7.1311
261	279	7.39058
261	280	7.55742
261	281	7.67046
261	284	9.9788
261	287	7.45404
261	291	7.90705
261	292	7.61166
261	293	7.72366
261	294	7.63176
261	296	7.89263
261	297	7.89605
261	299	8.31522
261	300	8.04898
262	4	5.86564
262	7	4.52174
262	19	4.6163
262	22	4.5101
262	37	5.06887
262	42	5.17385
262	57	5.04568
262	61	5.25749
262	82	5.41317
262	98	5.75513
262	107	5.56406
262	119	5.43599
262	139	5.71485
262	144	5.89728
262	168	6.30981
262	172	6.46003
262	174	6.63512
262	180	3.62803
262	181	6.5049
262	190	6.57096
262	199	6.97564
262	200	6.84096
262	221	7.23282
262	222	7.22093
262	224	7.31445
262	225	7.3955
262	228	7.72099
262	229	7.57473
262	245	7.78914
262	246	7.82386
262	247	8.07577
262	255	8.20452
262	258	8.24134
262	265	10.5609
263	18	3.29134
263	38	3.34281
263	77	3.67748
263	100	4.24153
263	120	1.60924
263	184	3.64284
263	185	5.40985
263	192	5.02064
263	210	5.40585
263	223	5.70276
263	230	5.9581
263	233	5.77962
263	235	6.15004
263	236	10.0338
263	244	6.22085
263	246	10.0123
263	248	5.91017
263	260	6.70936
263	261	6.80782
263	265	6.95074
263	270	7.14039
263	278	7.34478
263	279	7.39987
263	280	7.56671
263	281	7.67975
263	287	7.46333
263	291	7.91634
263	292	7.62095
263	293	7.73295
263	295	7.89166
263	296	7.90192
263	297	7.90534
263	300	8.05827
264	14	4.38051
264	32	4.79233
264	41	4.5654
264	47	4.57345
264	63	5.03803
264	65	4.40174
264	72	4.97286
264	80	4.85082
264	111	5.16709
264	115	5.30286
264	123	3.78976
264	126	5.22598
264	149	5.45671
264	160	5.72978
264	186	6.32887
264	200	4.66643
264	204	6.79209
264	207	6.88918
264	208	6.72494
264	212	6.72888
264	217	7.05749
264	219	6.9735
264	226	7.10728
264	227	7.25713
264	236	7.35585
264	237	7.48474
264	239	7.32632
264	241	7.54947
264	250	7.72873
264	254	7.96485
264	266	8.13788
264	267	8.13905
264	273	8.21368
264	274	8.35341
264	282	5.91065
264	291	10.9481
265	38	3.47644
265	52	6.74859
265	77	3.81112
265	79	3.83231
265	100	4.37516
265	104	4.29054
265	162	4.67652
265	192	5.15428
265	200	3.19635
265	210	5.53949
265	223	5.83639
265	230	6.09173
265	233	5.91325
265	235	6.28368
265	248	6.0438
265	260	6.84299
265	262	10.5609
265	263	6.95074
265	270	7.27403
265	278	7.47841
265	279	7.5335
265	280	7.70035
265	281	7.81339
265	287	7.59697
265	291	8.04998
265	292	7.75458
265	294	7.77468
265	295	8.0253
265	296	8.03556
265	297	8.03897
265	299	8.45815
266	4	4.50786
266	14	4.54288
266	15	4.29274
266	32	4.9547
266	41	4.72776
266	47	4.73582
266	63	5.20039
266	65	4.56411
266	72	5.13523
266	80	5.01319
266	111	5.32945
266	115	5.46523
266	126	5.38834
266	149	5.61908
266	169	4.11031
266	176	6.06312
266	186	6.49124
266	204	6.95445
266	207	7.05154
266	208	6.88731
266	212	6.89125
266	217	7.21986
266	219	7.13587
266	224	8.95069
266	226	7.26965
266	227	7.4195
266	236	7.51821
266	237	7.64711
266	239	7.48869
266	241	7.71183
266	250	7.8911
266	254	8.12722
266	264	8.13788
266	267	8.30142
266	273	8.37605
266	274	8.51578
266	279	7.13784
267	4	4.50903
267	14	4.54405
267	15	4.29392
267	32	4.95587
267	41	4.72894
267	47	4.737
267	63	5.20157
267	65	4.56528
267	72	5.13641
267	80	5.01436
267	111	5.33063
267	115	5.4664
267	126	5.38952
267	147	5.66788
267	149	5.62025
267	160	5.89332
267	186	6.49242
267	204	6.95563
267	207	7.05272
267	208	6.88849
267	212	6.89243
267	217	7.22103
267	219	7.13704
267	226	7.27082
267	227	7.42067
267	236	7.51939
267	237	7.64828
267	239	7.48986
267	241	7.71301
267	250	7.89227
267	254	8.12839
267	264	8.13905
267	266	8.30142
267	273	8.37722
267	274	8.51696
267	300	8.50423
268	16	3.9486
268	51	3.99526
268	54	4.32693
268	117	4.76667
268	140	4.69491
268	159	5.20736
268	163	5.30638
268	164	5.4414
268	174	6.49728
268	175	5.75475
268	176	5.75198
268	178	6.27793
268	179	5.49962
268	182	5.44289
268	198	5.88911
268	201	5.83908
268	204	7.40875
268	206	5.96359
268	209	6.27391
268	216	6.0945
268	220	6.32739
268	231	6.65117
268	234	6.81756
268	249	7.14347
268	252	7.16378
268	253	7.46167
268	256	7.41237
268	257	7.42389
268	269	7.80469
268	271	7.68952
268	275	7.81839
268	282	8.12921
268	283	8.10095
268	284	8.2854
268	286	8.10095
268	288	8.22673
269	10	4.01724
269	16	4.21277
269	51	4.25943
269	67	4.64674
269	117	5.03084
269	122	5.0035
269	140	4.95908
269	147	4.6391
269	152	2.94961
269	159	5.47153
269	163	5.57055
269	175	6.01892
269	176	6.01615
269	179	5.76379
269	182	5.70707
269	198	6.15328
269	201	6.10326
269	206	6.22776
269	208	5.41251
269	209	6.53808
269	216	6.35867
269	220	6.59157
269	231	6.91534
269	234	7.08173
269	240	6.53055
269	249	7.40764
269	252	7.42795
269	256	7.67654
269	257	7.68806
269	261	6.72104
269	268	7.80469
269	271	7.95369
269	275	8.08257
269	282	8.39338
269	283	8.36512
269	284	8.54957
269	286	8.36512
269	288	8.4909
270	38	3.6661
270	77	4.00077
270	79	4.02196
270	82	4.82435
270	88	3.92159
270	97	4.22851
270	100	4.56482
270	123	4.51707
270	162	4.86617
270	185	5.73313
270	195	3.23815
270	210	5.72914
270	225	8.85702
270	230	6.28139
270	233	6.1029
270	235	6.47333
270	244	6.54413
270	248	6.23345
270	260	7.03265
270	261	7.1311
270	263	7.14039
270	265	7.27403
270	278	7.66806
270	280	7.89
270	281	8.00304
270	287	7.78662
270	291	8.23963
270	293	8.05624
270	294	7.96433
270	295	8.21495
270	297	8.22863
271	3	4.33898
271	10	3.90206
271	16	4.09759
271	54	4.47592
271	122	4.88832
271	140	4.8439
271	163	5.45538
271	164	5.59039
271	175	5.90375
271	176	5.90098
271	179	5.64861
271	182	5.59189
271	198	6.0381
271	201	5.98808
271	206	6.11258
271	209	6.4229
271	216	6.24349
271	220	6.47639
271	231	6.80016
271	234	6.96655
271	249	7.29246
271	252	7.31277
271	253	7.61067
271	256	7.56136
271	257	7.57288
271	268	7.68952
271	269	7.95369
271	275	7.96739
271	278	6.78267
271	279	5.35279
271	282	8.2782
271	283	8.24994
271	284	8.43439
271	286	8.24994
271	288	8.37572
271	295	9.01293
273	4	4.58366
273	10	4.72336
273	14	4.61868
273	15	4.36854
273	32	5.0305
273	41	4.80356
273	47	4.81162
273	63	5.27619
273	65	4.63991
273	72	5.21103
273	80	5.08899
273	111	5.40525
273	115	5.54103
273	126	5.46414
273	149	5.69487
273	160	5.96795
273	186	6.56704
273	204	7.03025
273	207	7.12734
273	208	6.96311
273	211	7.93098
273	212	6.96705
273	217	7.29566
273	219	7.21167
273	226	7.34545
273	227	7.4953
273	236	7.59401
273	237	7.72291
273	239	7.56448
273	241	7.78763
273	250	7.9669
273	254	8.20302
273	258	10.0716
273	264	8.21368
273	266	8.37605
273	267	8.37722
273	274	8.59158
274	4	4.72339
274	14	4.75841
274	15	4.50828
274	41	4.9433
274	47	4.95136
274	63	5.41593
274	65	4.77964
274	67	5.85726
274	72	5.35077
274	80	5.22872
274	111	5.54499
274	115	5.68076
274	126	5.60388
274	149	5.83461
274	160	6.10768
274	170	6.43789
274	186	6.70678
274	204	7.16999
274	207	7.26708
274	208	7.10285
274	212	7.10679
274	217	7.43539
274	219	7.35141
274	226	7.48518
274	227	7.63503
274	236	7.73375
274	237	7.86264
274	239	7.70422
274	241	7.92737
274	244	2.18149
274	250	8.10663
274	254	8.34275
274	264	8.35341
274	266	8.51578
274	267	8.51696
274	273	8.59158
275	3	4.46785
275	10	4.03094
275	46	0.910353
275	51	4.27313
275	54	4.6048
275	67	4.66044
275	117	5.04455
275	122	5.0172
275	140	4.97278
275	163	5.58425
275	175	6.03263
275	176	6.02985
275	179	5.77749
275	182	5.72077
275	198	6.16698
275	201	6.11696
275	206	6.24146
275	209	6.55178
275	216	6.37237
275	220	6.60527
275	231	6.92904
275	234	7.09543
275	235	9.58873
275	244	11.1448
275	249	7.42134
275	252	7.44165
275	253	7.73955
275	256	7.69024
275	257	7.70176
275	268	7.81839
275	269	8.08257
275	271	7.96739
275	282	8.40708
275	283	8.37882
275	284	8.56327
275	286	8.37882
275	288	8.5046
278	34	4.50902
278	73	4.16164
278	77	4.20515
278	79	4.22634
278	88	4.12597
278	100	4.7692
278	104	4.68457
278	123	4.72145
278	139	4.03983
278	152	5.02784
278	162	5.07056
278	184	4.06972
278	192	5.54831
278	198	7.7272
278	223	6.23042
278	235	6.67771
278	244	6.74851
278	248	6.43784
278	260	7.23703
278	263	7.34478
278	265	7.47841
278	270	7.66806
278	271	6.78267
278	279	7.92754
278	280	8.09438
278	281	8.20742
278	282	6.55419
278	287	7.991
278	291	8.44401
278	292	8.14862
278	293	8.26062
278	294	8.16871
278	295	8.41933
278	296	8.42959
278	297	8.43301
278	299	8.85218
278	300	8.58594
279	73	4.21673
279	77	4.26024
279	79	4.28143
279	81	4.49503
279	88	4.18106
279	100	4.82429
279	104	4.73967
279	110	4.85234
279	152	5.08293
279	162	5.12565
279	175	8.43898
279	185	5.99261
279	230	6.54086
279	233	6.36238
279	235	6.73281
279	248	6.49293
279	260	7.29212
279	261	7.39058
279	263	7.39987
279	265	7.5335
279	266	7.13784
279	271	5.35279
279	278	7.92754
279	280	8.14947
279	281	8.26251
279	287	8.04609
279	291	8.4991
279	292	8.20371
279	293	8.31571
279	294	8.22381
279	295	8.47442
279	296	8.48468
279	297	8.4881
279	299	8.90727
279	300	8.64103
280	18	4.04094
280	33	4.37764
280	38	4.09241
280	43	6.40672
280	62	2.54289
280	77	4.42709
280	81	4.66187
280	88	4.3479
280	97	4.65483
280	104	4.90651
280	123	4.94339
280	162	5.29249
280	192	5.77025
280	194	9.30762
280	210	6.15546
280	223	6.45236
280	226	6.00702
280	230	6.70771
280	233	6.52922
280	242	5.92267
280	244	6.97045
280	248	6.65977
280	260	7.45896
280	261	7.55742
280	263	7.56671
280	265	7.70035
280	270	7.89
280	278	8.09438
280	279	8.14947
280	281	8.42936
280	287	8.21294
280	291	8.66595
280	292	8.37056
280	293	8.48256
280	294	8.39065
280	295	8.64127
280	296	8.65153
280	297	8.65495
281	18	4.15398
281	22	5.84224
281	33	4.49068
281	38	4.20545
281	59	5.4244
281	73	4.49662
281	77	4.54013
281	81	4.77491
281	88	4.46094
281	97	4.76787
281	100	5.10418
281	139	5.62731
281	152	5.36282
281	153	9.23191
281	192	5.88329
281	210	6.2685
281	223	6.5654
281	230	6.82075
281	244	7.08349
281	248	6.77281
281	261	7.67046
281	263	7.67975
281	265	7.81339
281	270	8.00304
281	278	8.20742
281	279	8.26251
281	280	8.42936
281	287	8.32598
281	291	8.77899
281	292	8.4836
281	293	8.5956
281	294	8.50369
281	295	8.75431
281	296	8.76457
281	297	8.76799
281	300	8.92091
282	3	4.77867
282	10	4.34175
282	16	4.53728
282	31	3.38031
282	51	4.58394
282	67	4.97125
282	117	5.35536
282	122	5.32801
282	140	5.2836
282	144	5.75785
282	159	5.79605
282	163	5.89507
282	164	6.03008
282	175	6.34344
282	176	6.34067
282	179	6.08831
282	182	6.03158
282	198	6.4778
282	201	6.42777
282	206	6.55227
282	209	6.86259
282	216	6.68318
282	220	6.91608
282	231	7.23985
282	234	7.40625
282	249	7.73215
282	252	7.75247
282	253	8.05036
282	256	8.00105
282	257	8.01257
282	264	5.91065
282	268	8.12921
282	269	8.39338
282	271	8.2782
282	275	8.40708
282	278	6.55419
282	283	8.68963
282	284	8.87408
282	286	8.68963
282	288	8.81541
283	3	4.7504
283	10	4.31349
283	16	4.50902
283	18	5.87353
283	51	4.55568
283	54	4.88735
283	67	4.94299
283	117	5.3271
283	122	5.29975
283	133	7.43933
283	140	5.25533
283	159	5.76779
283	163	5.86681
283	164	6.00182
283	175	6.31518
283	176	6.31241
283	179	6.06004
283	182	6.00332
283	193	7.84512
283	198	6.44953
283	201	6.39951
283	206	6.52401
283	209	6.83433
283	216	6.65492
283	220	6.88782
283	231	7.21159
283	234	7.37798
283	249	7.70389
283	252	7.7242
283	253	8.0221
283	256	7.97279
283	257	7.98431
283	268	8.10095
283	269	8.36512
283	271	8.24994
283	275	8.37882
283	282	8.68963
283	284	8.84582
283	286	8.66137
283	288	8.78715
284	3	4.93485
284	10	4.49794
284	16	4.69347
284	51	4.74013
284	54	5.0718
284	67	5.12744
284	92	4.53004
284	102	4.44777
284	117	5.51155
284	122	5.4842
284	140	5.43978
284	143	5.15922
284	159	5.95224
284	163	6.05125
284	164	6.18627
284	175	6.49963
284	176	6.49686
284	179	6.24449
284	182	6.18777
284	198	6.63398
284	201	6.58396
284	206	6.70846
284	209	7.01878
284	216	6.83937
284	220	7.07227
284	231	7.39604
284	245	7.08289
284	249	7.88834
284	252	7.90865
284	253	8.20655
284	256	8.15724
284	257	8.16876
284	261	9.9788
284	268	8.2854
284	269	8.54957
284	271	8.43439
284	275	8.56327
284	282	8.87408
284	283	8.84582
284	286	8.84582
284	288	8.9716
286	3	4.7504
286	10	4.31349
286	16	4.50902
286	51	4.55568
286	54	4.88735
286	56	3.13153
286	67	4.94299
286	117	5.3271
286	122	5.29975
286	140	5.25533
286	159	5.76779
286	163	5.86681
286	164	6.00182
286	175	6.31518
286	176	6.31241
286	179	6.06004
286	180	8.20268
286	182	6.00332
286	198	6.44953
286	201	6.39951
286	206	6.52401
286	209	6.83433
286	213	8.993
286	216	6.65492
286	220	6.88782
286	231	7.21159
286	234	7.37798
286	249	7.70389
286	252	7.7242
286	253	8.0221
286	256	7.97279
286	257	7.98431
286	268	8.10095
286	269	8.36512
286	271	8.24994
286	275	8.37882
286	282	8.68963
286	283	8.66137
286	284	8.84582
286	288	8.78715
286	292	10.8475
287	18	3.93756
287	63	3.11927
287	73	4.2802
287	77	4.32371
287	79	4.3449
287	88	4.24452
287	100	4.88776
287	111	6.99779
287	132	6.42782
287	140	7.27201
287	152	5.1464
287	156	7.38184
287	162	5.18911
287	210	6.05208
287	230	6.60433
287	233	6.42584
287	235	6.79627
287	244	6.86707
287	248	6.55639
287	261	7.45404
287	263	7.46333
287	265	7.59697
287	270	7.78662
287	278	7.991
287	279	8.04609
287	280	8.21294
287	281	8.32598
287	291	8.56257
287	292	8.26718
287	293	8.37918
287	294	8.28727
287	295	8.53789
287	296	8.54815
287	297	8.55157
287	299	8.97074
287	300	8.70449
288	3	4.87619
288	10	4.43927
288	15	5.81326
288	16	4.63481
288	51	4.68146
288	54	5.01314
288	67	5.06877
288	117	5.45288
288	122	5.42553
288	127	1.63351
288	140	5.38112
288	159	5.89357
288	163	5.99259
288	164	6.1276
288	175	6.44096
288	176	6.43819
288	179	6.18583
288	182	6.1291
288	198	6.57532
288	201	6.52529
288	206	6.64979
288	209	6.96011
288	216	6.7807
288	220	7.0136
288	230	5.97699
288	231	7.33737
288	234	7.50377
288	237	8.81157
288	249	7.82968
288	252	7.84999
288	253	8.14788
288	256	8.09857
288	257	8.11009
288	268	8.22673
288	269	8.4909
288	271	8.37572
288	275	8.5046
288	282	8.81541
288	283	8.78715
288	284	8.9716
288	286	8.78715
288	295	8.97787
291	18	4.39057
291	34	5.08058
291	38	4.44204
291	77	4.77672
291	79	4.79791
291	81	5.0115
291	88	4.69753
291	104	5.25614
291	155	0.199495
291	156	3.80299
291	162	5.64212
291	185	6.50908
291	192	6.11987
291	210	6.50509
291	223	6.80199
291	229	11.0898
291	230	7.05733
291	233	6.87885
291	235	7.24928
291	244	7.32008
291	247	7.21499
291	248	7.0094
291	260	7.80859
291	261	7.90705
291	263	7.91634
291	264	10.9481
291	265	8.04998
291	270	8.23963
291	278	8.44401
291	279	8.4991
291	280	8.66595
291	281	8.77899
291	287	8.56257
291	292	8.72018
291	294	8.74028
291	295	8.99089
291	296	9.00115
291	297	9.00457
291	299	9.42375
292	18	4.09518
292	34	4.78519
292	38	4.14665
292	73	4.43782
292	77	4.48133
292	79	4.50251
292	81	4.71611
292	104	4.96075
292	152	5.30401
292	162	5.34673
292	185	6.21369
292	192	5.82448
292	217	4.65619
292	223	6.5066
292	230	6.76194
292	233	6.58346
292	235	6.95389
292	236	4.05901
292	243	2.18136
292	244	7.02469
292	248	6.71401
292	250	11.5113
292	260	7.5132
292	261	7.61166
292	263	7.62095
292	265	7.75458
292	278	8.14862
292	279	8.20371
292	280	8.37056
292	281	8.4836
292	286	10.8475
292	287	8.26718
292	291	8.72018
292	293	8.53679
292	294	8.44489
292	295	8.6955
292	296	8.70576
292	297	8.70918
292	299	9.12835
292	300	8.86211
293	33	4.54387
293	34	4.89719
293	76	6.47299
293	79	4.61451
293	83	5.17526
293	97	4.82107
293	100	5.15737
293	104	5.07275
293	123	5.10963
293	152	5.41601
293	192	5.93648
293	210	6.32169
293	223	6.6186
293	233	6.69546
293	235	7.06589
293	242	8.79102
293	244	7.13669
293	248	6.82601
293	260	7.6252
293	261	7.72366
293	263	7.73295
293	270	8.05624
293	278	8.26062
293	279	8.31571
293	280	8.48256
293	281	8.5956
293	287	8.37918
293	292	8.53679
293	294	8.55689
293	295	8.8075
293	296	8.81776
293	297	8.82118
293	299	9.24035
293	300	8.97411
294	33	4.45197
294	34	4.80529
294	54	6.64473
294	61	5.39617
294	73	4.45791
294	81	4.7362
294	88	4.42224
294	104	4.98084
294	106	4.81418
294	152	5.32411
294	162	5.36683
294	171	8.35945
294	185	6.23379
294	192	5.84458
294	195	8.04085
294	223	6.52669
294	233	6.60356
294	235	6.97398
294	244	7.04478
294	248	6.73411
294	260	7.5333
294	261	7.63176
294	265	7.77468
294	270	7.96433
294	278	8.16871
294	279	8.22381
294	280	8.39065
294	281	8.50369
294	287	8.28727
294	291	8.74028
294	292	8.44489
294	293	8.55689
294	295	8.7156
294	296	8.72586
294	297	8.72928
294	299	9.14845
294	300	8.88221
295	33	4.70258
295	38	4.41736
295	73	4.70853
295	77	4.75204
295	79	4.77323
295	88	4.67285
295	97	4.97978
295	123	5.26834
295	162	5.61744
295	185	6.4844
295	192	6.0952
295	210	6.48041
295	223	6.77731
295	226	7.60422
295	233	6.85417
295	235	7.2246
295	241	2.32235
295	244	7.2954
295	248	6.98472
295	260	7.78391
295	263	7.89166
295	265	8.0253
295	270	8.21495
295	271	9.01293
295	278	8.41933
295	279	8.47442
295	280	8.64127
295	281	8.75431
295	287	8.53789
295	288	8.97787
295	291	8.99089
295	292	8.6955
295	293	8.8075
295	294	8.7156
295	296	8.97648
295	297	8.97989
295	299	9.39907
295	300	9.13282
296	18	4.37615
296	33	4.71284
296	34	5.06616
296	38	4.42762
296	73	4.71879
296	81	4.99708
296	97	4.99004
296	120	7.39603
296	123	5.2786
296	152	5.58499
296	165	3.88614
296	185	6.49466
296	192	6.10546
296	210	6.49067
296	211	8.62575
296	223	6.78757
296	230	7.04291
296	233	6.86443
296	235	7.23486
296	244	7.30566
296	248	6.99498
296	251	5.67796
296	260	7.79417
296	261	7.89263
296	263	7.90192
296	265	8.03556
296	278	8.42959
296	279	8.48468
296	280	8.65153
296	281	8.76457
296	287	8.54815
296	291	9.00115
296	292	8.70576
296	293	8.81776
296	294	8.72586
296	295	8.97648
296	299	9.40933
296	300	9.14308
297	18	4.37957
297	33	4.71626
297	34	5.06958
297	61	1.60534
297	73	4.72221
297	81	5.0005
297	88	4.68653
297	97	4.99346
297	100	5.32976
297	151	3.22135
297	152	5.5884
297	162	5.63112
297	185	6.49808
297	192	6.10887
297	210	6.49408
297	212	8.99226
297	216	8.61403
297	223	6.79099
297	230	7.04633
297	233	6.86785
297	235	7.23828
297	244	7.30908
297	248	6.9984
297	260	7.79759
297	261	7.89605
297	263	7.90534
297	265	8.03897
297	270	8.22863
297	278	8.43301
297	279	8.4881
297	280	8.65495
297	281	8.76799
297	287	8.55157
297	291	9.00457
297	292	8.70918
297	293	8.82118
297	294	8.72928
297	295	8.97989
297	300	9.1465
299	33	5.13543
299	38	4.85021
299	77	5.18489
299	79	5.20608
299	81	5.41967
299	85	3.91807
299	88	5.1057
299	97	5.41263
299	99	5.51645
299	100	5.74893
299	104	5.66431
299	123	5.70119
299	152	6.00758
299	162	6.05029
299	185	6.91725
299	192	6.52805
299	210	6.91326
299	215	5.26208
299	223	7.21016
299	230	7.4655
299	233	7.28702
299	235	7.65745
299	244	7.72825
299	248	7.41757
299	253	4.63513
299	255	11.7694
299	260	8.21676
299	261	8.31522
299	265	8.45815
299	278	8.85218
299	279	8.90727
299	287	8.97074
299	291	9.42375
299	292	9.12835
299	293	9.24035
299	294	9.14845
299	295	9.39907
299	296	9.40933
299	300	9.56567
300	18	4.5325
300	34	5.22251
300	77	4.91864
300	79	4.93983
300	81	5.15343
300	97	5.14639
300	100	5.48269
300	104	5.39807
300	123	5.43494
300	152	5.74133
300	162	5.78405
300	185	6.65101
300	192	6.2618
300	195	3.50772
300	200	6.86921
300	207	6.59963
300	210	6.64701
300	230	7.19926
300	233	7.02078
300	235	7.3912
300	244	7.462
300	248	7.15133
300	257	9.87455
300	260	7.95052
300	261	8.04898
300	263	8.05827
300	267	8.50423
300	278	8.58594
300	279	8.64103
300	281	8.92091
300	287	8.70449
300	292	8.86211
300	293	8.97411
300	294	8.88221
300	295	9.13282
300	296	9.14308
300	297	9.1465
300	299	9.56567
